SBA Disaster Loan Data,,,,,,,Report Run Date:  1/9/2015 ,,,,,,,
,,,,,,,Report Run Time:   8:45:44AM,,,,,,,
SBA Physical Declaration Number,SBA EIDL Declaration Number,FEMA Disaster Number,SBA Disaster Number,Damaged Property City Name,Damaged Property Zip Code,Damaged Property County/Parish Name,Damaged Property State Code,Total Verified Loss,Verified Loss Real Estate,Verified Loss Content,Total Approved Loan Amount,Approved Amount Real Estate,Approved Amount Content,Approved Amount EIDL
13365,13366,4085,NY-00130,ALBERTSON,11507,NASSAU,NY,"51,955.00","42,355.00","9,600.00","50,400.00",0.00,0.00,"50,400.00"
13365,13366,4085,NY-00130,AMITY HARBOR,11701,SUFFOLK,NY,"471,587.00","407,182.00","64,405.00","175,300.00","105,400.00","55,700.00","14,200.00"
13365,13366,4085,NY-00130,AMITYV ILLE,11701,SUFFOLK,NY,0.00,0.00,0.00,"18,500.00",0.00,0.00,"18,500.00"
13365,13366,4085,NY-00130,AMITYVILLE,11701,NASSAU,NY,"27,812.00","16,712.00","11,100.00",0.00,0.00,0.00,0.00
13365,13366,4085,NY-00130,AMITYVILLE,11701,SUFFOLK,NY,"4,205,242.00","3,300,857.00","904,385.00","1,552,600.00","899,400.00","279,900.00","373,300.00"
13365,13366,4085,NY-00130,AQUEBOGUE,11931,SUFFOLK,NY,"66,164.00","66,164.00",0.00,"66,200.00","66,200.00",0.00,0.00
13365,13366,4085,NY-00130,ARVERNA,11692,QUEENS,NY,"43,178.00","43,178.00",0.00,0.00,0.00,0.00,0.00
13365,13366,4085,NY-00130,ARVERNE,11520,QUEENS,NY,"59,192.00","57,092.00","2,100.00",0.00,0.00,0.00,0.00
13365,13366,4085,NY-00130,ARVERNE,11692,QUEENS,NY,"11,695,230.00","6,784,459.00","4,910,771.00","4,044,000.00","2,735,900.00","994,200.00","313,900.00"
13365,13366,4085,NY-00130,ASTORIA,11101,QUEENS,NY,"13,920.00","13,920.00",0.00,0.00,0.00,0.00,0.00
13365,13366,4085,NY-00130,ASTORIA,11102,QUEENS,NY,"515,505.00","111,031.00","404,474.00","47,800.00",0.00,"47,800.00",0.00
13365,13366,4085,NY-00130,ASTORIA,11105,QUEENS,NY,"3,740.00",0.00,"3,740.00",0.00,0.00,0.00,0.00
13365,13366,4085,NY-00130,ASTORIA,11106,QUEENS,NY,"183,325.00","5,075.00","178,250.00","37,600.00","2,200.00","13,100.00","22,300.00"
13365,13366,4085,NY-00130,ATLANTIC BEACH,11509,NASSAU,NY,"4,051,405.00","3,435,394.00","616,011.00","1,077,500.00","794,500.00","235,200.00","47,800.00"
13365,13366,4085,NY-00130,ATLANTIC BEACH,11561,NASSAU,NY,"121,236.00","94,886.00","26,350.00",0.00,0.00,0.00,0.00
13365,13366,4085,NY-00130,ATLANTIC BEACH,11509,NEW YORK,NY,"2,997,417.00","2,859,367.00","138,050.00","2,000,000.00","2,000,000.00",0.00,0.00
13365,13366,4085,NY-00130,BABYLON,11702,SUFFOLK,NY,"7,252,526.00","4,914,784.00","2,337,742.00","1,673,200.00","727,200.00","433,600.00","512,400.00"
13365,13366,4085,NY-00130,BALDWIN,11510,NASSAU,NY,"2,211,109.00","1,684,453.00","526,656.00","513,600.00","379,000.00","42,600.00","92,000.00"
13365,13366,4085,NY-00130,BAY SHORE,11706,SUFFOLK,NY,"2,197,394.00","1,401,468.00","795,926.00","653,300.00","258,600.00","123,400.00","271,300.00"
13365,13366,4085,NY-00130,BAYONNE,7002,HUDSON,NJ,0.00,0.00,0.00,"240,100.00",0.00,0.00,"240,100.00"
13365,13366,4085,NY-00130,BAYSHORE,11706,SUFFOLK,NY,"206,723.00","166,841.00","39,882.00","115,300.00","107,400.00","3,700.00","4,200.00"
13365,13366,4085,NY-00130,BAYSIDE,11361,QUEENS,NY,"18,193.00","4,568.00","13,625.00",0.00,0.00,0.00,0.00
13365,13366,4085,NY-00130,BAYSIDE,11364,QUEENS,NY,"18,173.00","18,173.00",0.00,0.00,0.00,0.00,0.00
13365,13366,4085,NY-00130,BAYVILLE,11709,NASSAU,NY,"598,046.00","352,227.00","245,819.00","167,900.00","131,100.00","16,500.00","20,300.00"
13365,13366,4085,NY-00130,BELLE HARBOR,11694,KINGS,NY,"906,829.00","855,681.00","51,148.00",0.00,0.00,0.00,0.00
13365,13366,4085,NY-00130,BELLE HARBOR,10314,QUEENS,NY,"854,105.00","742,648.00","111,457.00","999,700.00","742,700.00","111,500.00","145,500.00"
13365,13366,4085,NY-00130,BELLE HARBOR,11694,QUEENS,NY,"5,260,584.00","3,777,886.00","1,482,698.00","1,777,600.00","978,800.00","473,400.00","325,400.00"
13365,13366,4085,NY-00130,BELLEHARBOR,11694,QUEENS,NY,"72,544.00",0.00,"72,544.00",0.00,0.00,0.00,0.00
13365,13366,4085,NY-00130,BELLEROSE,11426,QUEENS,NY,"51,458.00","50,458.00","1,000.00",0.00,0.00,0.00,0.00
13365,13366,4085,NY-00130,BELLMORE,11710,NASSAU,NY,"2,115,652.00","1,562,940.00","552,712.00","925,500.00","438,100.00","157,800.00","329,600.00"
13365,13366,4085,NY-00130,BELLPORT,11713,SUFFOLK,NY,"9,040.00",0.00,"9,040.00","4,100.00",0.00,"1,600.00","2,500.00"
13365,13366,4085,NY-00130,BETHPAGE,11714,NASSAU,NY,"49,111.00","46,026.00","3,085.00","77,700.00",0.00,0.00,"77,700.00"
13365,13366,4085,NY-00130,BKLYN,11229,KINGS,NY,"17,725.00",0.00,"17,725.00","14,000.00",0.00,"14,000.00",0.00
13365,13366,4085,NY-00130,BLOOMING GROVE,10914,ORANGE,NY,"1,870.00",0.00,"1,870.00",0.00,0.00,0.00,0.00
13365,13366,4085,NY-00130,BLUE POINT,11715,SUFFOLK,NY,"15,000.00","12,850.00","2,150.00",0.00,0.00,0.00,0.00
13365,13366,4085,NY-00130,BOHEMIA,11716,SUFFOLK,NY,0.00,0.00,0.00,"713,000.00",0.00,0.00,"713,000.00"
13365,13366,4085,NY-00130,BOOKLYN,11235,KINGS,NY,"171,384.00","140,826.00","30,558.00",0.00,0.00,0.00,0.00
13365,13366,4085,NY-00130,BREEZY POINT,11697,QUEENS,NY,"5,735,054.00","4,817,656.00","917,398.00","380,600.00","169,300.00","178,400.00","32,900.00"
13365,13366,4085,NY-00130,BRENTWOOD,11717,SUFFOLK,NY,"134,903.00","100,375.00","34,528.00","192,800.00","6,100.00","2,400.00","184,300.00"
13365,13366,4085,NY-00130,BREWSTER,10509,PUTNAM,NY,"50,405.00",0.00,"50,405.00",0.00,0.00,0.00,0.00
13365,13366,4085,NY-00130,BRIGHTWATERS,11718,SUFFOLK,NY,0.00,0.00,0.00,"18,200.00",0.00,0.00,"18,200.00"
13365,13366,4085,NY-00130,BROAD CHANNEL,11693,QUEENS,NY,"5,539,568.00","3,904,232.00","1,635,336.00","1,153,000.00","954,600.00","165,500.00","32,900.00"
13365,13366,4085,NY-00130,BRONX,10451,BRONX,NY,"247,010.00","194,497.00","52,513.00","99,100.00","12,100.00","51,900.00","35,100.00"
13365,13366,4085,NY-00130,BRONX,10452,BRONX,NY,"86,591.00","86,591.00",0.00,0.00,0.00,0.00,0.00
13365,13366,4085,NY-00130,BRONX,10454,BRONX,NY,"78,808.00","8,700.00","70,108.00","68,700.00","8,700.00","3,100.00","56,900.00"
13365,13366,4085,NY-00130,BRONX,10456,BRONX,NY,"86,330.00","69,470.00","16,860.00",0.00,0.00,0.00,0.00
13365,13366,4085,NY-00130,BRONX,10457,BRONX,NY,"84,208.00","84,208.00",0.00,0.00,0.00,0.00,0.00
13365,13366,4085,NY-00130,BRONX,10458,BRONX,NY,"6,158.00","6,158.00",0.00,"157,600.00",0.00,0.00,"157,600.00"
13365,13366,4085,NY-00130,BRONX,10460,BRONX,NY,"47,562.00","47,562.00",0.00,"29,800.00","29,800.00",0.00,0.00
13365,13366,4085,NY-00130,BRONX,10461,BRONX,NY,"56,386.00",0.00,"56,386.00","101,400.00",0.00,"21,800.00","79,600.00"
13365,13366,4085,NY-00130,BRONX,10462,BRONX,NY,"2,139.00","2,139.00",0.00,0.00,0.00,0.00,0.00
13365,13366,4085,NY-00130,BRONX,10463,BRONX,NY,"16,400.00",0.00,"16,400.00",0.00,0.00,0.00,0.00
13365,13366,4085,NY-00130,BRONX,10464,BRONX,NY,"3,014,689.00","2,980,693.00","33,996.00","754,100.00","754,100.00",0.00,0.00
13365,13366,4085,NY-00130,BRONX,10465,BRONX,NY,"2,618,080.00","2,379,123.00","238,957.00","1,914,800.00","1,658,700.00","129,000.00","89,700.00"
13365,13366,4085,NY-00130,BRONX,10466,BRONX,NY,"21,015.00","1,015.00","20,000.00",0.00,0.00,0.00,0.00
13365,13366,4085,NY-00130,BRONX,10467,BRONX,NY,"62,460.00","55,575.00","6,885.00","36,200.00","29,300.00","6,900.00",0.00
13365,13366,4085,NY-00130,BRONX,10468,BRONX,NY,"1,668.00","1,668.00",0.00,0.00,0.00,0.00,0.00
13365,13366,4085,NY-00130,BRONX,10469,BRONX,NY,"8,800.00",0.00,"8,800.00","77,300.00",0.00,"1,500.00","75,800.00"
13365,13366,4085,NY-00130,BRONX,10470,BRONX,NY,0.00,0.00,0.00,"26,500.00",0.00,0.00,"26,500.00"
13365,13366,4085,NY-00130,BRONX,10471,BRONX,NY,0.00,0.00,0.00,"319,200.00",0.00,0.00,"319,200.00"
13365,13366,4085,NY-00130,BRONX,10473,BRONX,NY,"364,036.00","348,316.00","15,720.00","4,600.00","4,600.00",0.00,0.00
13365,13366,4085,NY-00130,BRONX,10474,BRONX,NY,"196,062.00","151,146.00","44,916.00","192,000.00","149,200.00","42,800.00",0.00
13365,13366,4085,NY-00130,BRONX,10475,BRONX,NY,"225,167.00","13,912.00","211,255.00",0.00,0.00,0.00,0.00
13365,13366,4085,NY-00130,BRONX,10471,COLUMBIA,NY,"46,126.00","46,126.00",0.00,0.00,0.00,0.00,0.00
13365,13366,4085,NY-00130,BRONXVILLE,10708,WESTCHESTER,NY,"2,500.00",0.00,"2,500.00",0.00,0.00,0.00,0.00
13365,13366,4085,NY-00130,BROOKHAVEN,11719,SUFFOLK,NY,"23,063.00",0.00,"23,063.00",0.00,0.00,0.00,0.00
13365,13366,4085,NY-00130,BROOKLN,11221,KINGS,NY,"1,624.00","1,624.00",0.00,0.00,0.00,0.00,0.00
13365,13366,4085,NY-00130,BROOKLY,11214,KINGS,NY,"3,850.00",0.00,"3,850.00",0.00,0.00,0.00,0.00
13365,13366,4085,NY-00130,BROOKLYM,11224,KINGS,NY,"77,862.00","30,106.00","47,756.00",0.00,0.00,0.00,0.00
13365,13366,4085,NY-00130,BROOKLYN,11236,GREENE,NY,"38,876.00","37,026.00","1,850.00",0.00,0.00,0.00,0.00
13365,13366,4085,NY-00130,BROOKLYN,7732,KINGS,NY,"267,122.00","200,122.00","67,000.00",0.00,0.00,0.00,0.00
13365,13366,4085,NY-00130,BROOKLYN,10038,KINGS,NY,"394,732.00","283,482.00","111,250.00","452,400.00","283,500.00","111,300.00","57,600.00"
13365,13366,4085,NY-00130,BROOKLYN,11201,KINGS,NY,"2,032,124.00","1,476,403.00","555,721.00","827,000.00","153,400.00","319,000.00","354,600.00"
13365,13366,4085,NY-00130,BROOKLYN,11203,KINGS,NY,"44,282.00","39,482.00","4,800.00",0.00,0.00,0.00,0.00
13365,13366,4085,NY-00130,BROOKLYN,11204,KINGS,NY,"605,401.00","199,739.00","405,662.00",0.00,0.00,0.00,0.00
13365,13366,4085,NY-00130,BROOKLYN,11205,KINGS,NY,"24,687,308.00","6,168,767.00","18,518,541.00","4,112,700.00",0.00,"3,306,400.00","689,600.00"
13365,13366,4085,NY-00130,BROOKLYN,11206,KINGS,NY,"142,840.00","102,720.00","40,120.00","360,000.00","102,800.00","33,800.00","223,400.00"
13365,13366,4085,NY-00130,BROOKLYN,11207,KINGS,NY,"353,715.00","350,790.00","2,925.00",0.00,0.00,0.00,0.00
13365,13366,4085,NY-00130,BROOKLYN,11208,KINGS,NY,"281,767.00","85,492.00","196,275.00","97,900.00","85,600.00","9,500.00","2,800.00"
13365,13366,4085,NY-00130,BROOKLYN,11209,KINGS,NY,"9,807,331.00",0.00,"9,807,331.00","270,900.00",0.00,0.00,"270,900.00"
13365,13366,4085,NY-00130,BROOKLYN,11210,KINGS,NY,"353,135.00","271,212.00","81,923.00","24,200.00",0.00,"24,200.00",0.00
13365,13366,4085,NY-00130,BROOKLYN,11211,KINGS,NY,"1,218,762.00","63,735.00","1,155,027.00","1,040,200.00",0.00,"790,200.00","250,000.00"
13365,13366,4085,NY-00130,BROOKLYN,11212,KINGS,NY,"110,080.00","70,385.00","39,695.00","14,000.00","14,000.00",0.00,0.00
13365,13366,4085,NY-00130,BROOKLYN,11213,KINGS,NY,"125,511.00","101,761.00","23,750.00",0.00,0.00,0.00,0.00
13365,13366,4085,NY-00130,BROOKLYN,11214,KINGS,NY,"1,651,735.00","1,205,372.00","446,363.00","544,700.00","379,600.00","83,000.00","82,100.00"
13365,13366,4085,NY-00130,BROOKLYN,11215,KINGS,NY,"9,951,192.00","1,474,336.00","8,476,856.00","3,164,900.00","65,300.00","2,732,500.00","367,100.00"
13365,13366,4085,NY-00130,BROOKLYN,11216,KINGS,NY,"59,581.00","53,026.00","6,555.00","33,400.00","33,100.00",300.00,0.00
13365,13366,4085,NY-00130,BROOKLYN,11217,KINGS,NY,"3,927,338.00","338,498.00","3,588,840.00","488,700.00","98,300.00","258,500.00","131,900.00"
13365,13366,4085,NY-00130,BROOKLYN,11218,KINGS,NY,"76,949.00","76,949.00",0.00,"22,300.00",0.00,0.00,"22,300.00"
13365,13366,4085,NY-00130,BROOKLYN,11219,KINGS,NY,"119,701.00","42,471.00","77,230.00","123,500.00","42,500.00","49,600.00","31,400.00"
13365,13366,4085,NY-00130,BROOKLYN,11220,KINGS,NY,"417,982.00","210,990.00","206,992.00","51,800.00","14,700.00","37,100.00",0.00
13365,13366,4085,NY-00130,BROOKLYN,11221,KINGS,NY,"6,000.00",0.00,"6,000.00",0.00,0.00,0.00,0.00
13365,13366,4085,NY-00130,BROOKLYN,11222,KINGS,NY,"2,796,132.00","2,407,902.00","388,230.00","254,100.00","223,171.24","30,928.76",0.00
13365,13366,4085,NY-00130,BROOKLYN,11223,KINGS,NY,"1,456,657.00","694,563.00","762,094.00","1,959,100.00","447,000.00","500,200.00","1,011,900.00"
13365,13366,4085,NY-00130,BROOKLYN,11224,KINGS,NY,"51,577,359.00","30,331,809.00","21,245,550.00","15,007,600.00","6,497,100.00","7,773,400.00","737,100.00"
13365,13366,4085,NY-00130,BROOKLYN,11225,KINGS,NY,"8,852.00","5,452.00","3,400.00",0.00,0.00,0.00,0.00
13365,13366,4085,NY-00130,BROOKLYN,11226,KINGS,NY,"119,892.00","74,795.00","45,097.00",0.00,0.00,0.00,0.00
13365,13366,4085,NY-00130,BROOKLYN,11228,KINGS,NY,"657,736.00","318,350.00","339,386.00","341,200.00",0.00,"215,900.00","125,300.00"
13365,13366,4085,NY-00130,BROOKLYN,11229,KINGS,NY,"2,932,937.00","2,029,524.00","903,413.00","1,904,900.00","736,400.00","467,600.00","700,900.00"
13365,13366,4085,NY-00130,BROOKLYN,11230,KINGS,NY,"2,046,995.00","278,171.00","1,768,824.00","417,700.00",0.00,"339,500.00","78,200.00"
13365,13366,4085,NY-00130,BROOKLYN,11231,KINGS,NY,"26,080,073.00","5,100,949.00","20,979,124.00","10,808,900.00","1,013,000.00","8,551,700.00","1,244,200.00"
13365,13366,4085,NY-00130,BROOKLYN,11232,KINGS,NY,"8,600,311.00","1,492,488.00","7,107,823.00","3,957,000.00","235,200.00","3,033,800.00","688,000.00"
13365,13366,4085,NY-00130,BROOKLYN,11233,KINGS,NY,"358,366.00","193,731.00","164,635.00","7,800.00","4,600.00","3,200.00",0.00
13365,13366,4085,NY-00130,BROOKLYN,11234,KINGS,NY,"5,645,164.00","3,486,998.00","2,158,166.00","2,815,600.00","1,632,300.00","1,054,500.00","128,800.00"
13365,13366,4085,NY-00130,BROOKLYN,11235,KINGS,NY,"72,667,614.00","43,114,226.00","29,553,388.00","21,391,700.00","11,177,600.00","7,998,900.00","2,202,500.00"
13365,13366,4085,NY-00130,BROOKLYN,11236,KINGS,NY,"6,175,686.00","5,123,130.00","1,052,556.00","2,379,500.00","1,585,600.00","380,800.00","413,100.00"
13365,13366,4085,NY-00130,BROOKLYN,11237,KINGS,NY,"605,845.00","231,998.00","373,847.00",0.00,0.00,0.00,0.00
13365,13366,4085,NY-00130,BROOKLYN,11238,KINGS,NY,"108,493.00","18,272.00","90,221.00","191,000.00",0.00,"71,300.00","119,700.00"
13365,13366,4085,NY-00130,BROOKLYN,11239,KINGS,NY,0.00,0.00,0.00,"16,100.00",0.00,0.00,"16,100.00"
13365,13366,4085,NY-00130,BROOKLYN,11249,KINGS,NY,"17,868.00",0.00,"17,868.00","72,700.00",0.00,0.00,"72,700.00"
13365,13366,4085,NY-00130,BROOKLYN,11520,KINGS,NY,"46,931.00","20,141.00","26,790.00",0.00,0.00,0.00,0.00
13365,13366,4085,NY-00130,BROOKLYN,11235,NASSAU,NY,"6,465.00",0.00,"6,465.00",0.00,0.00,0.00,0.00
13365,13366,4085,NY-00130,BROOKLYN,11209,NEW YORK,NY,"53,145.00",0.00,"53,145.00",0.00,0.00,0.00,0.00
13365,13366,4085,NY-00130,BROOKLYN,11224,NEW YORK,NY,"129,339.00","7,714.00","121,625.00",0.00,0.00,0.00,0.00
13365,13366,4085,NY-00130,BROOKLYN,11229,NEW YORK,NY,"39,169.00","22,699.00","16,470.00",0.00,0.00,0.00,0.00
13365,13366,4085,NY-00130,BROOKLYN,11231,NEW YORK,NY,"99,830.00",0.00,"99,830.00",0.00,0.00,0.00,0.00
13365,13366,4085,NY-00130,BROOKLYN,11232,NEW YORK,NY,"228,039.00","50,554.00","177,485.00","245,500.00","24,500.00","177,500.00","43,500.00"
13365,13366,4085,NY-00130,BROOKLYN,11234,NEW YORK,NY,"162,200.00",0.00,"162,200.00",0.00,0.00,0.00,0.00
13365,13366,4085,NY-00130,BROOKLYN,11235,NEW YORK,NY,"607,353.00","326,678.00","280,675.00",0.00,0.00,0.00,0.00
13365,13366,4085,NY-00130,BROOKLYN,11236,NEW YORK,NY,"39,425.00","38,425.00","1,000.00","41,500.00","38,500.00","1,000.00","2,000.00"
13365,13366,4085,NY-00130,BROOKLYN,11767,NEW YORK,NY,"16,929.00","16,929.00",0.00,"6,000.00","6,000.00",0.00,0.00
13365,13366,4085,NY-00130,BROOKLYN,11224,QUEENS,NY,"73,000.00",0.00,"73,000.00",0.00,0.00,0.00,0.00
13365,13366,4085,NY-00130,BROOKLYN,11231,QUEENS,NY,"338,060.00","288,090.00","49,970.00",0.00,0.00,0.00,0.00
13365,13366,4085,NY-00130,BROOKLYN,11205,RICHMOND,NY,"4,855,065.00","2,934,185.00","1,920,880.00","1,920,900.00",0.00,"1,920,900.00",0.00
13365,13366,4085,NY-00130,BROOKLYN,11209,RICHMOND,NY,"8,659.00",0.00,"8,659.00",0.00,0.00,0.00,0.00
13365,13366,4085,NY-00130,BROOKLYN,11223,RICHMOND,NY,"2,848.00",0.00,"2,848.00",0.00,0.00,0.00,0.00
13365,13366,4085,NY-00130,BROOKLYN,11224,RICHMOND,NY,"201,537.00","192,437.00","9,100.00",0.00,0.00,0.00,0.00
13365,13366,4085,NY-00130,BROOKYLN,11235,KINGS,NY,"39,364.00","2,871.00","36,493.00",0.00,0.00,0.00,0.00
13365,13366,4085,NY-00130,CAMBRIA HEIGHTS,11411,QUEENS,NY,"186,293.00","186,293.00",0.00,0.00,0.00,0.00,0.00
13365,13366,4085,NY-00130,CARLE PLACE,11514,NASSAU,NY,"28,959.00",0.00,"28,959.00","29,000.00",0.00,"29,000.00",0.00
13365,13366,4085,NY-00130,CARLSTADT,7072,BERGEN,NJ,0.00,0.00,0.00,"226,300.00",0.00,0.00,"226,300.00"
13365,13366,4085,NY-00130,CEDARHURST,11516,NASSAU,NY,"894,029.00","580,484.00","313,545.00","312,400.00","111,900.00","38,400.00","162,100.00"
13365,13366,4085,NY-00130,CENTER MORICHES,11934,SUFFOLK,NY,"348,777.00","347,277.00","1,500.00","6,000.00",0.00,"1,500.00","4,500.00"
13365,13366,4085,NY-00130,CENTEREACH,11720,SUFFOLK,NY,"21,420.00",0.00,"21,420.00","4,200.00",0.00,"4,200.00",0.00
13365,13366,4085,NY-00130,CENTERPORT,11721,SUFFOLK,NY,"564,132.00","538,482.00","25,650.00",0.00,0.00,0.00,0.00
13365,13366,4085,NY-00130,CENTRAL ISLIP,11722,SUFFOLK,NY,"45,726.00","43,591.00","2,135.00","223,200.00","10,800.00",0.00,"212,400.00"
13365,13366,4085,NY-00130,CHAPPAQUA,10514,WESTCHESTER,NY,"14,985.00","14,985.00",0.00,"2,000.00","2,000.00",0.00,0.00
13365,13366,4085,NY-00130,CHERRY GROVE,11782,SUFFOLK,NY,"178,112.00","157,577.00","20,535.00","20,600.00",0.00,"20,600.00",0.00
13365,13366,4085,NY-00130,CHESTNUT RIDGE,10977,ROCKLAND,NY,"47,999.00","38,487.00","9,512.00",0.00,0.00,0.00,0.00
13365,13366,4085,NY-00130,COLD SPRING,10516,PUTNAM,NY,"1,862.00","1,862.00",0.00,0.00,0.00,0.00,0.00
13365,13366,4085,NY-00130,COLD SPRING HARBOR,11724,SUFFOLK,NY,"63,296.00","63,296.00",0.00,0.00,0.00,0.00,0.00
13365,13366,4085,NY-00130,COLLEGE POINT,11356,QUEENS,NY,"484,781.00","214,753.00","270,028.00","90,400.00","40,200.00","26,900.00","23,300.00"
13365,13366,4085,NY-00130,COLLEGE POINT,11361,QUEENS,NY,"3,000.00","3,000.00",0.00,0.00,0.00,0.00,0.00
13365,13366,4085,NY-00130,COMMACK,11725,SUFFOLK,NY,"360,096.00","341,260.00","18,836.00","230,300.00",400.00,"2,400.00","227,500.00"
13365,13366,4085,NY-00130,CONGERS,10920,ROCKLAND,NY,"69,450.00","50,375.00","19,075.00",0.00,0.00,0.00,0.00
13365,13366,4085,NY-00130,COPIAGUE,11702,SUFFOLK,NY,"217,787.00","145,637.00","72,150.00","545,700.00","145,700.00","72,100.00","327,900.00"
13365,13366,4085,NY-00130,COPIAGUE,11726,SUFFOLK,NY,"1,412,884.00","622,874.00","790,010.00","846,000.00","172,400.00","479,800.00","193,800.00"
13365,13366,4085,NY-00130,CORAM,11727,SUFFOLK,NY,"32,866.00","32,866.00",0.00,"32,200.00","32,200.00",0.00,0.00
13365,13366,4085,NY-00130,CORNEILLE ESTATES,11782,SUFFOLK,NY,"109,116.00","100,216.00","8,900.00",0.00,0.00,0.00,0.00
13365,13366,4085,NY-00130,CORONA,11368,QUEENS,NY,"138,040.00","138,040.00",0.00,0.00,0.00,0.00,0.00
13365,13366,4085,NY-00130,CUTCHOGUE,11215,SUFFOLK,NY,"76,442.00","74,942.00","1,500.00",0.00,0.00,0.00,0.00
13365,13366,4085,NY-00130,CUTCHOGUE,11935,SUFFOLK,NY,0.00,0.00,0.00,"29,600.00",0.00,0.00,"29,600.00"
13365,13366,4085,NY-00130,DAVIS PARK,11772,SUFFOLK,NY,"370,105.00","343,875.00","26,230.00","104,900.00","73,100.00","25,500.00","6,300.00"
13365,13366,4085,NY-00130,DEER PARK,11729,SUFFOLK,NY,"191,524.00","144,642.00","46,882.00","132,500.00",0.00,"16,300.00","116,200.00"
13365,13366,4085,NY-00130,DIX HILLS,11746,SUFFOLK,NY,"83,350.00",0.00,"83,350.00","103,400.00",0.00,"83,400.00","20,000.00"
13365,13366,4085,NY-00130,E SETAUKET,11733,SUFFOLK,NY,"50,954.00","50,404.00",550.00,"51,000.00","50,500.00",500.00,0.00
13365,13366,4085,NY-00130,E. ATLANTIC BEACH,11561,NASSAU,NY,"52,254.00","51,304.00",950.00,0.00,0.00,0.00,0.00
13365,13366,4085,NY-00130,EAST ATLANTIC BEACH,11510,NASSAU,NY,"60,662.00","50,362.00","10,300.00","42,600.00","32,500.00","5,300.00","4,800.00"
13365,13366,4085,NY-00130,EAST ATLANTIC BEACH,11561,NASSAU,NY,"730,880.00","620,730.00","110,150.00","271,200.00","208,100.00","50,300.00","12,800.00"
13365,13366,4085,NY-00130,EAST ELMHURST,11369,QUEENS,NY,"13,195.00","13,195.00",0.00,0.00,0.00,0.00,0.00
13365,13366,4085,NY-00130,EAST ELMHURST,11370,QUEENS,NY,"19,660.00",0.00,"19,660.00","293,600.00",0.00,"2,700.00","290,900.00"
13365,13366,4085,NY-00130,EAST HAMPTON,11937,SUFFOLK,NY,"46,772.00","40,767.00","6,005.00","30,100.00","24,100.00","6,000.00",0.00
13365,13366,4085,NY-00130,EAST ISLIP,11730,SUFFOLK,NY,0.00,0.00,0.00,"41,200.00",0.00,0.00,"41,200.00"
13365,13366,4085,NY-00130,EAST MARION,11939,SUFFOLK,NY,"155,459.00","136,234.00","19,225.00","155,500.00","136,300.00","19,200.00",0.00
13365,13366,4085,NY-00130,EAST MEADOW,11554,NASSAU,NY,"11,440.00",725.00,"10,715.00","5,200.00",0.00,"5,200.00",0.00
13365,13366,4085,NY-00130,EAST MORICHES,11940,SUFFOLK,NY,"646,920.00","150,128.00","496,792.00","225,500.00","58,400.00","167,100.00",0.00
13365,13366,4085,NY-00130,EAST NORTHPORT,11731,SUFFOLK,NY,"9,442.00",0.00,"9,442.00","138,800.00",0.00,0.00,"138,800.00"
13365,13366,4085,NY-00130,EAST PATCHOGUE,11772,SUFFOLK,NY,"436,387.00","124,013.00","312,374.00","61,600.00",0.00,"36,500.00","25,100.00"
13365,13366,4085,NY-00130,EAST QUOGUE,11942,SUFFOLK,NY,"9,473.00",0.00,"9,473.00","10,000.00",0.00,0.00,"10,000.00"
13365,13366,4085,NY-00130,EAST QUOUGE,11942,SUFFOLK,NY,"8,577.00","8,077.00",500.00,"34,300.00","8,100.00",500.00,"25,700.00"
13365,13366,4085,NY-00130,EAST ROCKAWAY,11518,NASSAU,NY,"8,291,352.00","6,349,522.00","1,941,830.00","1,640,000.00","1,169,700.00","261,900.00","208,400.00"
13365,13366,4085,NY-00130,EASTPORT,11941,SUFFOLK,NY,"2,935.00","2,935.00",0.00,"1,600.00",0.00,0.00,"1,600.00"
13365,13366,4085,NY-00130,EDGEMERE,11691,QUEENS,NY,"3,316,985.00","2,732,862.00","584,123.00","2,000,000.00","2,000,000.00",0.00,0.00
13365,13366,4085,NY-00130,ELMHURST,11373,QUEENS,NY,"17,308.00","9,788.00","7,520.00",0.00,0.00,0.00,0.00
13365,13366,4085,NY-00130,ELMONT,11003,NASSAU,NY,"107,416.00",0.00,"107,416.00","220,900.00",0.00,"97,900.00","123,000.00"
13365,13366,4085,NY-00130,ELMSFORD,10523,WESTCHESTER,NY,0.00,0.00,0.00,"16,400.00",0.00,0.00,"16,400.00"
13365,13366,4085,NY-00130,ENGLEWOOD,7631,BERGEN,NJ,0.00,0.00,0.00,"20,000.00",0.00,0.00,"20,000.00"
13365,13366,4085,NY-00130,FAR AROCKAWAY,11692,QUEENS,NY,"80,417.00","78,367.00","2,050.00",0.00,0.00,0.00,0.00
13365,13366,4085,NY-00130,FAR ROCAKWAY,11691,QUEENS,NY,"61,552.00","59,777.00","1,775.00","62,000.00","57,800.00","1,800.00","2,400.00"
13365,13366,4085,NY-00130,FAR ROCKAWAY,11691,NEW YORK,NY,"15,050.00","7,250.00","7,800.00",0.00,0.00,0.00,0.00
13365,13366,4085,NY-00130,FAR ROCKAWAY,11691,QUEENS,NY,"14,911,555.00","11,125,538.00","3,786,017.00","3,766,200.00","2,149,100.00","1,256,400.00","360,700.00"
13365,13366,4085,NY-00130,FAR ROCKAWAY,11692,QUEENS,NY,"1,625,773.00","1,032,813.00","592,960.00","448,100.00","80,900.00","324,700.00","42,500.00"
13365,13366,4085,NY-00130,FAR ROCKAWAY,11693,QUEENS,NY,"2,567,013.00","1,949,151.00","617,862.00",0.00,0.00,0.00,0.00
13365,13366,4085,NY-00130,FAR ROCKAWAY,11694,QUEENS,NY,"462,350.00","287,584.00","174,766.00","77,900.00","39,600.00","33,300.00","5,000.00"
13365,13366,4085,NY-00130,FAR ROCKCAWAY,11691,QUEENS,NY,"5,746.00","2,146.00","3,600.00",0.00,0.00,0.00,0.00
13365,13366,4085,NY-00130,FAR ROCKWAY,11692,QUEENS,NY,"72,259.00","70,109.00","2,150.00",0.00,0.00,0.00,0.00
13365,13366,4085,NY-00130,FARMINGDALE,11725,NASSAU,NY,"30,466.00","27,066.00","3,400.00","30,500.00","27,100.00","3,400.00",0.00
13365,13366,4085,NY-00130,FARMINGDALE,11735,NASSAU,NY,"529,347.00","132,052.00","397,295.00","396,600.00",0.00,"285,700.00","110,900.00"
13365,13366,4085,NY-00130,FARMINGDALE,11735,SUFFOLK,NY,"42,625.00","39,875.00","2,750.00","26,900.00","26,100.00",800.00,0.00
13365,13366,4085,NY-00130,FARMINGVILLE,11738,SUFFOLK,NY,"11,125.00",0.00,"11,125.00","18,500.00",0.00,0.00,"18,500.00"
13365,13366,4085,NY-00130,FIRE ISLAND PINES,11782,SUFFOLK,NY,"286,003.00","282,243.00","3,760.00","22,400.00","20,900.00","1,500.00",0.00
13365,13366,4085,NY-00130,FISHERS ISLAND,6390,SUFFOLK,NY,"29,100.00",0.00,"29,100.00","75,200.00",0.00,"29,100.00","46,100.00"
13365,13366,4085,NY-00130,FLANDERS,11901,SUFFOLK,NY,"17,495.00","15,875.00","1,620.00",0.00,0.00,0.00,0.00
13365,13366,4085,NY-00130,FLORAL PARK,11001,NASSAU,NY,"158,670.00","28,841.00","129,829.00","637,100.00","28,900.00","14,000.00","594,200.00"
13365,13366,4085,NY-00130,FLORAL PARK,11004,QUEENS,NY,"13,542.00","6,540.00","7,002.00",0.00,0.00,0.00,0.00
13365,13366,4085,NY-00130,FLUSHING,11354,QUEENS,NY,"621,524.00","96,993.00","524,531.00","6,700.00",0.00,"1,700.00","5,000.00"
13365,13366,4085,NY-00130,FLUSHING,11355,QUEENS,NY,"420,942.00","285,009.00","135,933.00","3,800.00",200.00,"3,600.00",0.00
13365,13366,4085,NY-00130,FLUSHING,11358,QUEENS,NY,"38,811.00","8,011.00","30,800.00","14,000.00",0.00,"14,000.00",0.00
13365,13366,4085,NY-00130,FLUSHING,11366,QUEENS,NY,"8,535.00",0.00,"8,535.00",0.00,0.00,0.00,0.00
13365,13366,4085,NY-00130,FOREST HILLS,11375,QUEENS,NY,"57,045.00","44,045.00","13,000.00","68,200.00","3,500.00","7,000.00","57,700.00"
13365,13366,4085,NY-00130,FORT LEE,7024,BERGEN,NJ,0.00,0.00,0.00,"98,900.00",0.00,0.00,"98,900.00"
13365,13366,4085,NY-00130,FORT SALONGA,11768,SUFFOLK,NY,0.00,0.00,0.00,"12,600.00",0.00,0.00,"12,600.00"
13365,13366,4085,NY-00130,FORT TILDEN,11695,QUEENS,NY,"522,525.00","499,875.00","22,650.00","522,600.00","499,900.00","22,700.00",0.00
13365,13366,4085,NY-00130,FORT TOTTEN,15913,QUEENS,NY,"28,940.00","28,940.00",0.00,0.00,0.00,0.00,0.00
13365,13366,4085,NY-00130,FRANKLIN SQ,11010,NASSAU,NY,"60,217.00","3,712.00","56,505.00",0.00,0.00,0.00,0.00
13365,13366,4085,NY-00130,FRANKLIN SQUARE,11010,NASSAU,NY,"18,300.00",0.00,"18,300.00","51,200.00",0.00,0.00,"51,200.00"
13365,13366,4085,NY-00130,FREEPORT,11152,NASSAU,NY,"60,227.00","10,331.00","49,896.00",0.00,0.00,0.00,0.00
13365,13366,4085,NY-00130,FREEPORT,11520,NASSAU,NY,"25,984,847.00","13,412,051.00","12,572,796.00","5,786,800.00","1,389,100.00","3,534,000.00","863,700.00"
13365,13366,4085,NY-00130,FREEPORT,11530,NASSAU,NY,"92,038.00","17,418.00","74,620.00",0.00,0.00,0.00,0.00
13365,13366,4085,NY-00130,FREEPORT,11783,NASSAU,NY,"106,610.00","17,897.00","88,713.00","108,200.00",0.00,"51,300.00","56,900.00"
13365,13366,4085,NY-00130,FREEPORT,11520,SUFFOLK,NY,"45,550.00","13,050.00","32,500.00",0.00,0.00,0.00,0.00
13365,13366,4085,NY-00130,FRESH MEADOWS,11365,QUEENS,NY,0.00,0.00,0.00,"24,200.00",0.00,0.00,"24,200.00"
13365,13366,4085,NY-00130,GARDEN CITY,11530,NASSAU,NY,"156,529.00","137,329.00","19,200.00","42,300.00",0.00,0.00,"42,300.00"
13365,13366,4085,NY-00130,GARDEN CITY SOUTH,11530,NASSAU,NY,0.00,0.00,0.00,"5,000.00",0.00,0.00,"5,000.00"
13365,13366,4085,NY-00130,GEORGETOWN,6829,FAIRFIELD,CT,0.00,0.00,0.00,"32,000.00",0.00,0.00,"32,000.00"
13365,13366,4085,NY-00130,GLAN COVE,11542,NASSAU,NY,"2,784.00","2,784.00",0.00,0.00,0.00,0.00,0.00
13365,13366,4085,NY-00130,GLEN COVE,11542,NASSAU,NY,"136,708.00","30,453.00","106,255.00","37,500.00",0.00,0.00,"37,500.00"
13365,13366,4085,NY-00130,GLEN HEAD,11545,NASSAU,NY,0.00,0.00,0.00,"168,300.00",0.00,0.00,"168,300.00"
13365,13366,4085,NY-00130,GRAND VIEW-ON-HUDSON,10960,ROCKLAND,NY,"195,138.00","195,138.00",0.00,0.00,0.00,0.00,0.00
13365,13366,4085,NY-00130,GRANDVIEW,10960,ROCKLAND,NY,"69,545.00",0.00,"69,545.00","69,600.00",0.00,"69,600.00",0.00
13365,13366,4085,NY-00130,GREAT NECK,11021,NASSAU,NY,"11,556.00",232.00,"11,324.00","281,400.00",0.00,0.00,"281,400.00"
13365,13366,4085,NY-00130,GREENPORT,11944,SUFFOLK,NY,"2,688,073.00","2,470,894.00","217,179.00","1,837,200.00","1,749,200.00","88,000.00",0.00
13365,13366,4085,NY-00130,GREENVALE,11548,NASSAU,NY,"27,007.00",0.00,"27,007.00",0.00,0.00,0.00,0.00
13365,13366,4085,NY-00130,HACKENSACK,7601,BERGEN,NJ,0.00,0.00,0.00,"20,000.00",0.00,0.00,"20,000.00"
13365,13366,4085,NY-00130,HAMPTON BAYS,11946,SUFFOLK,NY,"1,451,084.00","1,074,101.00","376,983.00","326,400.00","167,100.00","30,800.00","128,500.00"
13365,13366,4085,NY-00130,HARRISON,10528,WESTCHESTER,NY,"5,932.00","4,832.00","1,100.00",0.00,0.00,0.00,0.00
13365,13366,4085,NY-00130,HASTINGS ON HUDSON,10706,WESTCHESTER,NY,"3,000.00",0.00,"3,000.00",0.00,0.00,0.00,0.00
13365,13366,4085,NY-00130,HAUPPAUGE,11788,SUFFOLK,NY,"2,142,102.00","26,115.00","2,115,987.00","238,700.00","3,500.00","131,500.00","103,700.00"
13365,13366,4085,NY-00130,HAVERSTRAW,10927,ROCKLAND,NY,"3,000.00",0.00,"3,000.00",0.00,0.00,0.00,0.00
13365,13366,4085,NY-00130,HEMPSTEAD,11550,NASSAU,NY,"508,544.00","315,067.00","193,477.00","226,700.00","172,500.00","1,800.00","52,400.00"
13365,13366,4085,NY-00130,HEWLETT,11557,NASSAU,NY,"384,799.00","157,558.00","227,241.00","64,200.00",0.00,"59,700.00","4,500.00"
13365,13366,4085,NY-00130,HICKSVILLE,11756,NASSAU,NY,"2,700.00",0.00,"2,700.00",0.00,0.00,0.00,0.00
13365,13366,4085,NY-00130,HICKSVILLE,11801,NASSAU,NY,"30,445.00",0.00,"30,445.00","652,600.00",0.00,"2,500.00","650,100.00"
13365,13366,4085,NY-00130,HOBOKEN,7030,HUDSON,NJ,"7,250.00","7,250.00",0.00,"43,100.00",0.00,0.00,"43,100.00"
13365,13366,4085,NY-00130,HOLBROOK,11741,SUFFOLK,NY,"66,005.00","59,743.00","6,262.00","25,000.00",0.00,0.00,"25,000.00"
13365,13366,4085,NY-00130,HOLLIS,11423,QUEENS,NY,"64,702.00",0.00,"64,702.00",0.00,0.00,0.00,0.00
13365,13366,4085,NY-00130,HOLTSVILLE,11742,SUFFOLK,NY,0.00,0.00,0.00,"62,500.00",0.00,0.00,"62,500.00"
13365,13366,4085,NY-00130,HOWARD BEACH,11414,NASSAU,NY,"2,550.00",0.00,"2,550.00",0.00,0.00,0.00,0.00
13365,13366,4085,NY-00130,HOWARD BEACH,11209,QUEENS,NY,"1,700.00",0.00,"1,700.00",0.00,0.00,0.00,0.00
13365,13366,4085,NY-00130,HOWARD BEACH,11414,QUEENS,NY,"19,429,142.00","12,249,050.00","7,180,092.00","7,761,500.00","5,050,500.00","1,594,500.00","1,116,500.00"
13365,13366,4085,NY-00130,HUNTINGTN STA,11746,SUFFOLK,NY,"26,704.00","25,954.00",750.00,0.00,0.00,0.00,0.00
13365,13366,4085,NY-00130,HUNTINGTON,11743,SUFFOLK,NY,"140,257.00","135,022.00","5,235.00","33,100.00","28,100.00",0.00,"5,000.00"
13365,13366,4085,NY-00130,HUNTINGTON STATION,11746,SUFFOLK,NY,"103,115.00","47,200.00","55,915.00","93,400.00",0.00,800.00,"92,600.00"
13365,13366,4085,NY-00130,INWOOD,11096,NASSAU,NY,"5,116,839.00","1,762,097.00","3,354,742.00","1,889,400.00","397,500.00","853,100.00","638,800.00"
13365,13366,4085,NY-00130,INWOOD,11598,NASSAU,NY,"348,554.00","329,354.00","19,200.00","256,100.00","227,400.00","19,200.00","9,500.00"
13365,13366,4085,NY-00130,INWOOD,11932,SUFFOLK,NY,"39,762.00",0.00,"39,762.00",0.00,0.00,0.00,0.00
13365,13366,4085,NY-00130,IRVINGTON,10533,WESTCHESTER,NY,"616,642.00","149,569.00","467,073.00","609,800.00","121,400.00","155,000.00","333,400.00"
13365,13366,4085,NY-00130,ISLAND  PARK,11558,NASSAU,NY,"418,712.00","413,712.00","5,000.00",0.00,0.00,0.00,0.00
13365,13366,4085,NY-00130,ISLAND PARK,11520,NASSAU,NY,"70,054.00",0.00,"70,054.00",0.00,0.00,0.00,0.00
13365,13366,4085,NY-00130,ISLAND PARK,11558,NASSAU,NY,"16,957,216.00","11,925,250.00","5,031,966.00","6,094,400.00","4,348,500.00","1,435,000.00","310,900.00"
13365,13366,4085,NY-00130,ISLAND PARK,11561,NASSAU,NY,"64,758.00","64,758.00",0.00,"5,400.00","5,400.00",0.00,0.00
13365,13366,4085,NY-00130,ISLAND PARK,11572,NASSAU,NY,"173,200.00","122,475.00","50,725.00",0.00,0.00,0.00,0.00
13365,13366,4085,NY-00130,ISLANDIA,11749,SUFFOLK,NY,"235,452.00","145,212.00","90,240.00","446,300.00",0.00,"90,300.00","356,000.00"
13365,13366,4085,NY-00130,ISLIP,11722,SUFFOLK,NY,"4,900.00",0.00,"4,900.00",0.00,0.00,0.00,0.00
13365,13366,4085,NY-00130,JACKSON HEIGHT,11377,QUEENS,NY,"5,212.00",0.00,"5,212.00",0.00,0.00,0.00,0.00
13365,13366,4085,NY-00130,JACKSON HTS,11372,QUEENS,NY,"8,239.00",139.00,"8,100.00",0.00,0.00,0.00,0.00
13365,13366,4085,NY-00130,JAMACIA,11432,QUEENS,NY,"1,000.00",0.00,"1,000.00",0.00,0.00,0.00,0.00
13365,13366,4085,NY-00130,JAMACIA ESTATES,11432,QUEENS,NY,"146,043.00","143,043.00","3,000.00",0.00,0.00,0.00,0.00
13365,13366,4085,NY-00130,JAMAICA,11422,QUEENS,NY,"698,784.00","698,784.00",0.00,0.00,0.00,0.00,0.00
13365,13366,4085,NY-00130,JAMAICA,11432,QUEENS,NY,"138,889.00","117,797.00","21,092.00","48,800.00",0.00,0.00,"48,800.00"
13365,13366,4085,NY-00130,JAMAICA,11433,QUEENS,NY,"22,772.00","18,647.00","4,125.00",0.00,0.00,0.00,0.00
13365,13366,4085,NY-00130,JAMAICA,11434,QUEENS,NY,"237,487.00","154,318.00","83,169.00","288,400.00","129,100.00","49,000.00","110,300.00"
13365,13366,4085,NY-00130,JAMAICA,11435,QUEENS,NY,250.00,0.00,250.00,"279,200.00",0.00,0.00,"279,200.00"
13365,13366,4085,NY-00130,JAMAICA,11693,QUEENS,NY,"73,101.00","71,201.00","1,900.00","68,200.00","66,300.00","1,900.00",0.00
13365,13366,4085,NY-00130,JAMESPORT,11947,SUFFOLK,NY,"93,908.00","93,908.00",0.00,"94,000.00","94,000.00",0.00,0.00
13365,13366,4085,NY-00130,JERICHO,11753,NASSAU,NY,"355,757.00","338,117.00","17,640.00","33,600.00",0.00,0.00,"33,600.00"
13365,13366,4085,NY-00130,KEARNY,7032,HUDSON,NJ,"15,250.00",0.00,"15,250.00",0.00,0.00,0.00,0.00
13365,13366,4085,NY-00130,KINGS PARK,11754,SUFFOLK,NY,"7,433.00","3,683.00","3,750.00",0.00,0.00,0.00,0.00
13365,13366,4085,NY-00130,KINGSTON,12401,ULSTER,NY,"640,206.00","327,889.00","312,317.00",0.00,0.00,0.00,0.00
13365,13366,4085,NY-00130,LAKE GROVE,11755,SUFFOLK,NY,"17,000.00",0.00,"17,000.00","56,000.00",0.00,"5,000.00","51,000.00"
13365,13366,4085,NY-00130,LAKE HUNTINGTON,12752,SULLIVAN,NY,"43,820.00","43,820.00",0.00,0.00,0.00,0.00,0.00
13365,13366,4085,NY-00130,LAKE RONKONKOMA,11779,SUFFOLK,NY,0.00,0.00,0.00,"34,000.00",0.00,0.00,"34,000.00"
13365,13366,4085,NY-00130,LARCHMONT,10538,WESTCHESTER,NY,"94,484.00","29,291.00","65,193.00",0.00,0.00,0.00,0.00
13365,13366,4085,NY-00130,LAURAL,11948,SUFFOLK,NY,"166,492.00","143,992.00","22,500.00",0.00,0.00,0.00,0.00
13365,13366,4085,NY-00130,LAURELTON,11413,QUEENS,NY,"11,555.00",0.00,"11,555.00","3,700.00",0.00,"3,700.00",0.00
13365,13366,4085,NY-00130,LAWRENCE,11559,NASSAU,NY,"733,396.00","455,986.00","277,410.00","544,500.00","105,500.00","230,500.00","208,500.00"
13365,13366,4085,NY-00130,LEVITTOWN,11756,NASSAU,NY,"154,679.00","41,689.00","112,990.00","137,800.00","40,400.00","97,400.00",0.00
13365,13366,4085,NY-00130,LI CITY,11101,QUEENS,NY,"60,038.00","29,600.00","30,438.00",0.00,0.00,0.00,0.00
13365,13366,4085,NY-00130,LIBERTY,12754,SULLIVAN,NY,"68,879.00","61,379.00","7,500.00",0.00,0.00,0.00,0.00
13365,13366,4085,NY-00130,LIC,11101,QUEENS,NY,0.00,0.00,0.00,"118,000.00",0.00,0.00,"118,000.00"
13365,13366,4085,NY-00130,LIDO BEACH,11561,NASSAU,NY,"7,858,709.00","7,229,924.00","628,785.00","1,345,400.00","1,046,700.00","181,300.00","117,400.00"
13365,13366,4085,NY-00130,LINDENHURST,11757,SUFFOLK,NY,"4,770,716.00","3,662,271.00","1,108,445.00","1,062,200.00","840,800.00","195,400.00","26,000.00"
13365,13366,4085,NY-00130,LINDENHURST,11758,SUFFOLK,NY,"97,539.00","94,939.00","2,600.00",0.00,0.00,0.00,0.00
13365,13366,4085,NY-00130,LINDENHURST,11795,SUFFOLK,NY,"706,065.00","631,524.00","74,541.00",0.00,0.00,0.00,0.00
13365,13366,4085,NY-00130,LINDENHURST NY,11757,SUFFOLK,NY,"85,877.00","67,672.00","18,205.00",0.00,0.00,0.00,0.00
13365,13366,4085,NY-00130,LITTLE FERRY,7643,BERGEN,NJ,"57,669.00","56,669.00","1,000.00",0.00,0.00,0.00,0.00
13365,13366,4085,NY-00130,LITTLE NECK,11362,QUEENS,NY,"373,620.00","318,208.00","55,412.00",0.00,0.00,0.00,0.00
13365,13366,4085,NY-00130,LITTLE NECK,11363,QUEENS,NY,0.00,0.00,0.00,"5,000.00",0.00,0.00,"5,000.00"
13365,13366,4085,NY-00130,LLOYD HARBOR,11743,SUFFOLK,NY,"820,031.00","744,709.00","75,322.00","806,100.00","744,800.00","61,300.00",0.00
13365,13366,4085,NY-00130,LOCUST VALLEY,11560,NASSAU,NY,"40,512.00","1,531.00","38,981.00","35,900.00",0.00,"1,000.00","34,900.00"
13365,13366,4085,NY-00130,LONG  BEACH,11561,NASSAU,NY,"116,668.00","58,139.00","58,529.00",0.00,0.00,0.00,0.00
13365,13366,4085,NY-00130,LONG BEACG,11793,NASSAU,NY,"60,340.00","60,340.00",0.00,0.00,0.00,0.00,0.00
13365,13366,4085,NY-00130,LONG BEACH,10709,NASSAU,NY,"71,606.00","69,556.00","2,050.00",0.00,0.00,0.00,0.00
13365,13366,4085,NY-00130,LONG BEACH,11501,NASSAU,NY,"13,093.00","11,093.00","2,000.00","19,800.00","11,100.00","1,500.00","7,200.00"
13365,13366,4085,NY-00130,LONG BEACH,11516,NASSAU,NY,"67,016.00","30,701.00","36,315.00",0.00,0.00,0.00,0.00
13365,13366,4085,NY-00130,LONG BEACH,11561,NASSAU,NY,"58,048,260.00","40,857,728.00","17,190,532.00","15,029,300.00","8,706,300.00","3,626,500.00","2,695,500.00"
13365,13366,4085,NY-00130,LONG BEACH,11566,NASSAU,NY,"106,779.00","51,479.00","55,300.00","55,300.00",0.00,"55,300.00",0.00
13365,13366,4085,NY-00130,LONG BEACH,11596,NASSAU,NY,"47,196.00","14,509.00","32,687.00",0.00,0.00,0.00,0.00
13365,13366,4085,NY-00130,LONG BEACH,11561,NEW YORK,NY,"2,408,700.00","2,333,415.00","75,285.00",0.00,0.00,0.00,0.00
13365,13366,4085,NY-00130,LONG ISLAND CITY,11101,NEW YORK,NY,0.00,0.00,0.00,"80,700.00",0.00,0.00,"80,700.00"
13365,13366,4085,NY-00130,LONG ISLAND CITY,11011,QUEENS,NY,"10,171.00",0.00,"10,171.00",0.00,0.00,0.00,0.00
13365,13366,4085,NY-00130,LONG ISLAND CITY,11101,QUEENS,NY,"8,480,921.00","3,190,849.00","5,290,072.00","2,143,900.00","215,200.00","666,000.00","1,262,700.00"
13365,13366,4085,NY-00130,LONG ISLAND CITY,11103,QUEENS,NY,"17,217.00",0.00,"17,217.00",0.00,0.00,0.00,0.00
13365,13366,4085,NY-00130,LONG ISLAND CITY,11106,QUEENS,NY,"80,170.00","73,970.00","6,200.00",0.00,0.00,0.00,0.00
13365,13366,4085,NY-00130,LONGBEACH,11561,NASSAU,NY,"95,788.00","93,088.00","2,700.00","51,400.00","48,700.00","2,700.00",0.00
13365,13366,4085,NY-00130,LYNBROOK,11563,NASSAU,NY,"152,530.00","78,765.00","73,765.00",0.00,0.00,0.00,0.00
13365,13366,4085,NY-00130,MAHOPAC,10541,PUTNAM,NY,"1,660.00",0.00,"1,660.00",0.00,0.00,0.00,0.00
13365,13366,4085,NY-00130,MAMARONECK,10543,WESTCHESTER,NY,"2,458,144.00","2,102,475.00","355,669.00","1,320,200.00","1,104,000.00","216,200.00",0.00
13365,13366,4085,NY-00130,MANHASSET,11030,NASSAU,NY,"109,162.00","13,337.00","95,825.00","215,600.00",0.00,"87,500.00","128,100.00"
13365,13366,4085,NY-00130,MANHATTAN,10009,BRONX,NY,"52,343.00",0.00,"52,343.00",0.00,0.00,0.00,0.00
13365,13366,4085,NY-00130,MANHATTAN,10002,NEW YORK,NY,0.00,0.00,0.00,"9,500.00",0.00,0.00,"9,500.00"
13365,13366,4085,NY-00130,MANHATTAN,10004,NEW YORK,NY,"65,490.00","26,970.00","38,520.00",0.00,0.00,0.00,0.00
13365,13366,4085,NY-00130,MANHATTAN,10013,NEW YORK,NY,"365,370.00","148,744.00","216,626.00","226,700.00",0.00,"197,100.00","29,600.00"
13365,13366,4085,NY-00130,MANHATTAN,10038,NEW YORK,NY,802.00,0.00,802.00,0.00,0.00,0.00,0.00
13365,13366,4085,NY-00130,MASPETH,11378,QUEENS,NY,"28,100.00",0.00,"28,100.00","70,700.00",0.00,0.00,"70,700.00"
13365,13366,4085,NY-00130,MASPETH,11385,QUEENS,NY,"460,076.00","87,532.00","372,544.00",0.00,0.00,0.00,0.00
13365,13366,4085,NY-00130,MASSAPEQUA,11758,NASSAU,NY,"5,469,179.00","3,770,449.00","1,698,730.00","2,165,400.00","1,132,900.00","549,500.00","483,000.00"
13365,13366,4085,NY-00130,MASSAPEQUA,11783,NASSAU,NY,"22,313.00","19,513.00","2,800.00",0.00,0.00,0.00,0.00
13365,13366,4085,NY-00130,MASSAPEQUA PARK,11762,NASSAU,NY,"123,378.00","12,632.00","110,746.00","44,000.00",0.00,0.00,"44,000.00"
13365,13366,4085,NY-00130,MASTIC,11950,SUFFOLK,NY,"50,816.00","39,116.00","11,700.00","1,900.00",0.00,0.00,"1,900.00"
13365,13366,4085,NY-00130,MASTIC BEACH,11951,SUFFOLK,NY,"1,387,527.00","1,095,019.00","292,508.00","407,500.00","333,400.00","68,400.00","5,700.00"
13365,13366,4085,NY-00130,MATTITUCK,11952,SUFFOLK,NY,"687,182.00","552,079.00","135,103.00","221,300.00","215,400.00","5,900.00",0.00
13365,13366,4085,NY-00130,MEDFORD,11763,SUFFOLK,NY,"47,622.00","45,900.00","1,722.00",0.00,0.00,0.00,0.00
13365,13366,4085,NY-00130,MELVILLE,11747,SUFFOLK,NY,"4,780.00",0.00,"4,780.00","280,900.00",0.00,"4,800.00","276,100.00"
13365,13366,4085,NY-00130,MELVILLE,11757,SUFFOLK,NY,0.00,0.00,0.00,"63,100.00",0.00,0.00,"63,100.00"
13365,13366,4085,NY-00130,MELVILLE,11775,SUFFOLK,NY,"30,847.00","10,022.00","20,825.00",0.00,0.00,0.00,0.00
13365,13366,4085,NY-00130,MERRICK,11566,NASSAU,NY,"7,376,492.00","5,862,286.00","1,514,206.00","4,088,900.00","3,086,200.00","835,800.00","166,900.00"
13365,13366,4085,NY-00130,MERRICK,11568,NASSAU,NY,"151,473.00","151,473.00",0.00,"111,500.00","111,500.00",0.00,0.00
13365,13366,4085,NY-00130,MIDDLE ISLAND,11953,SUFFOLK,NY,"112,014.00","75,406.00","36,608.00",0.00,0.00,0.00,0.00
13365,13366,4085,NY-00130,MIDDLETOWN,10940,ORANGE,NY,"11,429.00","11,429.00",0.00,"5,500.00","5,500.00",0.00,0.00
13365,13366,4085,NY-00130,MIDDLETOWN,10941,ORANGE,NY,"7,500.00",0.00,"7,500.00",0.00,0.00,0.00,0.00
13365,13366,4085,NY-00130,MILLER PLACE,11764,SUFFOLK,NY,"6,008.00",0.00,"6,008.00",0.00,0.00,0.00,0.00
13365,13366,4085,NY-00130,MINEOLA,11501,NASSAU,NY,"138,299.00","115,449.00","22,850.00","139,200.00",0.00,0.00,"139,200.00"
13365,13366,4085,NY-00130,MONROE,10950,ORANGE,NY,"196,569.00","195,569.00","1,000.00",0.00,0.00,0.00,0.00
13365,13366,4085,NY-00130,MONSEY,10952,ROCKLAND,NY,"120,576.00","11,876.00","108,700.00","164,700.00",0.00,"98,700.00","66,000.00"
13365,13366,4085,NY-00130,MONTAUK,11954,SUFFOLK,NY,"947,541.00","902,046.00","45,495.00","596,600.00","463,800.00","31,200.00","101,600.00"
13365,13366,4085,NY-00130,MONTGOMERY,12549,ORANGE,NY,110.00,0.00,110.00,0.00,0.00,0.00,0.00
13365,13366,4085,NY-00130,MORICHES,11955,SUFFOLK,NY,"102,723.00","43,223.00","59,500.00",0.00,0.00,0.00,0.00
13365,13366,4085,NY-00130,MOUNT KISCO,10549,WESTCHESTER,NY,0.00,0.00,0.00,"8,300.00",0.00,0.00,"8,300.00"
13365,13366,4085,NY-00130,MOUNT VERNON,10550,WESTCHESTER,NY,"27,230.00","25,870.00","1,360.00","25,900.00","25,900.00",0.00,0.00
13365,13366,4085,NY-00130,NANUET,10954,ROCKLAND,NY,"624,593.00","620,993.00","3,600.00","4,100.00","4,100.00",0.00,0.00
13365,13366,4085,NY-00130,NE W YORK,10005,NEW YORK,NY,"380,886.00","184,736.00","196,150.00","164,200.00",0.00,"164,200.00",0.00
13365,13366,4085,NY-00130,NE WYORK,10013,NEW YORK,NY,"5,000.00",0.00,"5,000.00",0.00,0.00,0.00,0.00
13365,13366,4085,NY-00130,NEPONSIT,11694,QUEENS,NY,"1,701,530.00","1,331,760.00","369,770.00","61,400.00","49,200.00","7,000.00","5,200.00"
13365,13366,4085,NY-00130,NEW  YORK,10012,NEW YORK,NY,"11,431.00","8,831.00","2,600.00",0.00,0.00,0.00,0.00
13365,13366,4085,NY-00130,NEW CITY,10956,ROCKLAND,NY,"59,305.00","59,305.00",0.00,0.00,0.00,0.00,0.00
13365,13366,4085,NY-00130,NEW HYDE PARK,11040,NASSAU,NY,"62,787.00","44,819.00","17,968.00","24,100.00",0.00,0.00,"24,100.00"
13365,13366,4085,NY-00130,NEW ORK,10002,NEW YORK,NY,"8,575.00",0.00,"8,575.00",0.00,0.00,0.00,0.00
13365,13366,4085,NY-00130,NEW ROCHELLE,10801,WESTCHESTER,NY,"304,298.00","189,392.00","114,906.00","245,300.00","99,700.00","69,300.00","76,300.00"
13365,13366,4085,NY-00130,NEW ROCHELLE,10803,WESTCHESTER,NY,"198,650.00","198,650.00",0.00,0.00,0.00,0.00,0.00
13365,13366,4085,NY-00130,NEW ROCHELLE,10805,WESTCHESTER,NY,"734,098.00","720,298.00","13,800.00","71,700.00","70,200.00","1,500.00",0.00
13365,13366,4085,NY-00130,NEW SUFFOLK,11956,SUFFOLK,NY,"1,221,808.00","1,088,525.00","133,283.00","1,435,700.00","1,072,300.00","133,300.00","230,100.00"
13365,13366,4085,NY-00130,NEW Y0RK,10038,NEW YORK,NY,"4,050.00",0.00,"4,050.00",0.00,0.00,0.00,0.00
13365,13366,4085,NY-00130,NEW YORK,10454,BRONX,NY,"240,528.00","207,241.00","33,287.00","21,300.00",0.00,"21,300.00",0.00
13365,13366,4085,NY-00130,NEW YORK,10005,KINGS,NY,"307,572.00","11,426.00","296,146.00","600,000.00",0.00,"254,200.00","345,800.00"
13365,13366,4085,NY-00130,NEW YORK,10009,KINGS,NY,"61,483.00","28,143.00","33,340.00",0.00,0.00,0.00,0.00
13365,13366,4085,NY-00130,NEW YORK,10014,KINGS,NY,"198,104.00","37,004.00","161,100.00","26,400.00",0.00,"26,400.00",0.00
13365,13366,4085,NY-00130,NEW YORK,10038,KINGS,NY,0.00,0.00,0.00,"1,100.00",0.00,0.00,"1,100.00"
13365,13366,4085,NY-00130,NEW YORK,11231,KINGS,NY,"49,575.00","2,645.00","46,930.00",0.00,0.00,0.00,0.00
13365,13366,4085,NY-00130,NEW YORK,10001,NEW YORK,NY,"2,805,222.00","1,780,782.00","1,024,440.00","1,837,700.00","306,600.00","401,700.00","1,129,400.00"
13365,13366,4085,NY-00130,NEW YORK,10002,NEW YORK,NY,"5,065,497.00","4,002,646.00","1,062,851.00","754,600.00","52,200.00","432,600.00","269,800.00"
13365,13366,4085,NY-00130,NEW YORK,10003,NEW YORK,NY,"213,797.00","59,896.00","153,901.00","268,800.00","2,800.00","9,200.00","256,800.00"
13365,13366,4085,NY-00130,NEW YORK,10004,NEW YORK,NY,"11,956,602.00","9,412,961.00","2,543,641.00","2,297,600.00","453,500.00","571,900.00","1,272,200.00"
13365,13366,4085,NY-00130,NEW YORK,10005,NEW YORK,NY,"8,195,727.00","6,898,041.00","1,297,686.00","1,555,600.00","565,400.00","645,700.00","344,500.00"
13365,13366,4085,NY-00130,NEW YORK,10006,NEW YORK,NY,"3,664,633.00","1,893,968.00","1,770,665.00","416,000.00","67,600.00","170,200.00","178,200.00"
13365,13366,4085,NY-00130,NEW YORK,10007,NEW YORK,NY,"2,606,432.00","2,099,244.00","507,188.00","325,900.00","7,000.00","4,100.00","314,800.00"
13365,13366,4085,NY-00130,NEW YORK,10009,NEW YORK,NY,"4,850,683.00","3,511,793.00","1,338,890.00","1,434,100.00","491,200.00","452,900.00","490,000.00"
13365,13366,4085,NY-00130,NEW YORK,10010,NEW YORK,NY,"1,063,519.00","859,818.00","203,701.00","239,500.00","30,000.00",0.00,"209,500.00"
13365,13366,4085,NY-00130,NEW YORK,10011,NEW YORK,NY,"3,808,172.00","2,679,547.00","1,128,625.00","1,920,400.00","816,600.00","178,900.00","924,900.00"
13365,13366,4085,NY-00130,NEW YORK,10012,NEW YORK,NY,"310,984.00","100,455.00","210,529.00","1,063,800.00","4,300.00","45,700.00","1,013,800.00"
13365,13366,4085,NY-00130,NEW YORK,10013,NEW YORK,NY,"12,533,838.00","9,851,890.00","2,681,948.00","3,302,700.00","1,097,000.00","1,165,800.00","1,039,900.00"
13365,13366,4085,NY-00130,NEW YORK,10014,NEW YORK,NY,"11,567,153.00","8,632,681.00","2,934,472.00","3,239,500.00","2,187,200.00","354,000.00","698,300.00"
13365,13366,4085,NY-00130,NEW YORK,10016,NEW YORK,NY,"7,025,864.00","2,132,396.00","4,893,468.00","524,600.00","30,500.00","30,400.00","463,700.00"
13365,13366,4085,NY-00130,NEW YORK,10017,NEW YORK,NY,"7,000.00",0.00,"7,000.00","64,200.00",0.00,0.00,"64,200.00"
13365,13366,4085,NY-00130,NEW YORK,10018,NEW YORK,NY,"68,159.00","8,541.00","59,618.00","498,400.00",0.00,0.00,"498,400.00"
13365,13366,4085,NY-00130,NEW YORK,10019,NEW YORK,NY,"163,388.00","66,854.00","96,534.00","71,500.00",0.00,"71,500.00",0.00
13365,13366,4085,NY-00130,NEW YORK,10022,NEW YORK,NY,"70,594.00",0.00,"70,594.00","22,200.00",0.00,0.00,"22,200.00"
13365,13366,4085,NY-00130,NEW YORK,10023,NEW YORK,NY,0.00,0.00,0.00,"24,700.00",0.00,0.00,"24,700.00"
13365,13366,4085,NY-00130,NEW YORK,10024,NEW YORK,NY,"52,975.00",0.00,"52,975.00",0.00,0.00,0.00,0.00
13365,13366,4085,NY-00130,NEW YORK,10025,NEW YORK,NY,0.00,0.00,0.00,"90,600.00",0.00,0.00,"90,600.00"
13365,13366,4085,NY-00130,NEW YORK,10026,NEW YORK,NY,"19,980.00","9,280.00","10,700.00",0.00,0.00,0.00,0.00
13365,13366,4085,NY-00130,NEW YORK,10029,NEW YORK,NY,"70,995.00","43,820.00","27,175.00","28,900.00","2,900.00","19,000.00","7,000.00"
13365,13366,4085,NY-00130,NEW YORK,10030,NEW YORK,NY,"14,406.00","14,406.00",0.00,"17,600.00","14,000.00",0.00,"3,600.00"
13365,13366,4085,NY-00130,NEW YORK,10031,NEW YORK,NY,"22,116.00","17,116.00","5,000.00",0.00,0.00,0.00,0.00
13365,13366,4085,NY-00130,NEW YORK,10032,NEW YORK,NY,"1,000.00",0.00,"1,000.00","4,500.00",0.00,"1,000.00","3,500.00"
13365,13366,4085,NY-00130,NEW YORK,10034,NEW YORK,NY,"335,736.00","219,760.00","115,976.00",0.00,0.00,0.00,0.00
13365,13366,4085,NY-00130,NEW YORK,10036,NEW YORK,NY,"2,406,154.00","1,640,018.00","766,136.00","841,500.00","461,500.00","281,600.00","98,400.00"
13365,13366,4085,NY-00130,NEW YORK,10037,NEW YORK,NY,"281,787.00","218,436.00","63,351.00",0.00,0.00,0.00,0.00
13365,13366,4085,NY-00130,NEW YORK,10038,NEW YORK,NY,"10,666,342.00","5,955,742.00","4,710,600.00","4,732,300.00","933,600.00","1,944,600.00","1,854,100.00"
13365,13366,4085,NY-00130,NEW YORK,10039,NEW YORK,NY,"30,164.00","29,864.00",300.00,0.00,0.00,0.00,0.00
13365,13366,4085,NY-00130,NEW YORK,10069,NEW YORK,NY,"10,158.00","2,958.00","7,200.00",0.00,0.00,0.00,0.00
13365,13366,4085,NY-00130,NEW YORK,10128,NEW YORK,NY,"133,783.00","104,328.00","29,455.00",0.00,0.00,0.00,0.00
13365,13366,4085,NY-00130,NEW YORK,10177,NEW YORK,NY,"19,500.00",0.00,"19,500.00",0.00,0.00,0.00,0.00
13365,13366,4085,NY-00130,NEW YORK,10270,NEW YORK,NY,"279,210.00","202,710.00","76,500.00","141,000.00",0.00,"76,500.00","64,500.00"
13365,13366,4085,NY-00130,NEW YORK,10279,NEW YORK,NY,0.00,0.00,0.00,"64,100.00",0.00,0.00,"64,100.00"
13365,13366,4085,NY-00130,NEW YORK,10280,NEW YORK,NY,"269,634.00","139,440.00","130,194.00","147,700.00","66,600.00","81,100.00",0.00
13365,13366,4085,NY-00130,NEW YORK,10301,NEW YORK,NY,"710,311.00","688,724.00","21,587.00",0.00,0.00,0.00,0.00
13365,13366,4085,NY-00130,NEW YORK,10583,NEW YORK,NY,"18,915.00","9,135.00","9,780.00","66,500.00",0.00,"9,800.00","56,700.00"
13365,13366,4085,NY-00130,NEW YORK,11231,NEW YORK,NY,"1,023,304.00","242,005.00","781,299.00","471,300.00",0.00,"471,300.00",0.00
13365,13366,4085,NY-00130,NEW YORK,10016,QUEENS,NY,"25,000.00",0.00,"25,000.00",0.00,0.00,0.00,0.00
13365,13366,4085,NY-00130,NEW YORK,11414,QUEENS,NY,"32,791.00","31,691.00","1,100.00","30,800.00","29,700.00","1,100.00",0.00
13365,13366,4085,NY-00130,NEW YORK CITY,10474,BRONX,NY,"1,282,554.00","1,282,554.00",0.00,0.00,0.00,0.00,0.00
13365,13366,4085,NY-00130,NEW YORK CITY,10002,NEW YORK,NY,"12,000.00",0.00,"12,000.00","48,000.00",0.00,"12,000.00","36,000.00"
13365,13366,4085,NY-00130,NEW YORK CITY,10011,NEW YORK,NY,"3,707,900.00",0.00,"3,707,900.00",0.00,0.00,0.00,0.00
13365,13366,4085,NY-00130,NEW YORK CITY,10012,NEW YORK,NY,"12,000.00",0.00,"12,000.00",0.00,0.00,0.00,0.00
13365,13366,4085,NY-00130,NEW YORK CITY,10014,NEW YORK,NY,"143,070.00","69,165.00","73,905.00",0.00,0.00,0.00,0.00
13365,13366,4085,NY-00130,NEW YORK CITY,10032,NEW YORK,NY,"10,336.00","10,336.00",0.00,0.00,0.00,0.00,0.00
13365,13366,4085,NY-00130,NEWBURGH,12550,ORANGE,NY,"122,743.00","117,483.00","5,260.00","122,800.00","117,500.00","5,300.00",0.00
13365,13366,4085,NY-00130,NEWYORK,10002,NEW YORK,NY,"7,000.00",0.00,"7,000.00",0.00,0.00,0.00,0.00
13365,13366,4085,NY-00130,NEWYORK,10010,NEW YORK,NY,"154,405.00","131,670.00","22,735.00",0.00,0.00,0.00,0.00
13365,13366,4085,NY-00130,NORTH BABYLON,11703,SUFFOLK,NY,"7,735.00",0.00,"7,735.00",0.00,0.00,0.00,0.00
13365,13366,4085,NY-00130,NORTH BALDWIN,11510,NASSAU,NY,"7,000.00",0.00,"7,000.00",0.00,0.00,0.00,0.00
13365,13366,4085,NY-00130,NORTH BELLMORE,11710,NASSAU,NY,"21,790.00","1,740.00","20,050.00","31,000.00",0.00,"20,000.00","11,000.00"
13365,13366,4085,NY-00130,NORTH MERRICK,11566,NASSAU,NY,0.00,0.00,0.00,"16,300.00",0.00,0.00,"16,300.00"
13365,13366,4085,NY-00130,NORTH SALEM,10560,WESTCHESTER,NY,"1,000.00",0.00,"1,000.00",0.00,0.00,0.00,0.00
13365,13366,4085,NY-00130,NORTH WOODMERE,11581,NASSAU,NY,"533,190.00","68,093.00","465,097.00","372,400.00","14,800.00","357,600.00",0.00
13365,13366,4085,NY-00130,NORTHPORT,11725,SUFFOLK,NY,"51,500.00","35,449.00","16,051.00",0.00,0.00,0.00,0.00
13365,13366,4085,NY-00130,NORTHPORT,11768,SUFFOLK,NY,"20,291.00","14,616.00","5,675.00","145,000.00",0.00,"5,700.00","139,300.00"
13365,13366,4085,NY-00130,NY,10001,NEW YORK,NY,"124,601.00",0.00,"124,601.00","166,500.00",0.00,"124,700.00","41,800.00"
13365,13366,4085,NY-00130,NY,10002,NEW YORK,NY,"8,000.00",0.00,"8,000.00",0.00,0.00,0.00,0.00
13365,13366,4085,NY-00130,NY,10003,NEW YORK,NY,"5,100.00",0.00,"5,100.00","68,500.00",0.00,"5,100.00","63,400.00"
13365,13366,4085,NY-00130,NY,10007,NEW YORK,NY,"12,500.00",0.00,"12,500.00","144,000.00",0.00,0.00,"144,000.00"
13365,13366,4085,NY-00130,NY,10014,NEW YORK,NY,"2,050.00",0.00,"2,050.00",0.00,0.00,0.00,0.00
13365,13366,4085,NY-00130,NY,10016,NEW YORK,NY,"22,787.00","10,874.00","11,913.00",0.00,0.00,0.00,0.00
13365,13366,4085,NY-00130,NY,10036,NEW YORK,NY,"29,500.00",0.00,"29,500.00",0.00,0.00,0.00,0.00
13365,13366,4085,NY-00130,NY,10038,NEW YORK,NY,"525,676.00","461,161.00","64,515.00",0.00,0.00,0.00,0.00
13365,13366,4085,NY-00130,NYACK,10960,ROCKLAND,NY,"2,232,551.00","2,114,860.00","117,691.00","391,200.00","323,300.00","67,900.00",0.00
13365,13366,4085,NY-00130,NYC,10003,NEW YORK,NY,0.00,0.00,0.00,"103,800.00",0.00,0.00,"103,800.00"
13365,13366,4085,NY-00130,NYC,10029,NEW YORK,NY,"203,459.00","188,459.00","15,000.00",0.00,0.00,0.00,0.00
13365,13366,4085,NY-00130,OAK BEACH,11702,SUFFOLK,NY,"5,500.00",0.00,"5,500.00",0.00,0.00,0.00,0.00
13365,13366,4085,NY-00130,OAKDALE,11769,SUFFOLK,NY,"62,360.00","55,535.00","6,825.00","58,100.00","19,300.00",600.00,"38,200.00"
13365,13366,4085,NY-00130,OAKLAND GARDENS,11364,QUEENS,NY,"21,961.00",0.00,"21,961.00",0.00,0.00,0.00,0.00
13365,13366,4085,NY-00130,OCEAN BAY PARK,11770,SUFFOLK,NY,"657,360.00","634,820.00","22,540.00","70,400.00","70,400.00",0.00,0.00
13365,13366,4085,NY-00130,"OCEAN BAY PARK, FIRE ISLAND",11770,SUFFOLK,NY,"448,489.00","414,189.00","34,300.00",0.00,0.00,0.00,0.00
13365,13366,4085,NY-00130,OCEAN BEACH,11770,SUFFOLK,NY,"2,245,273.00","1,563,004.00","682,269.00","1,105,500.00","616,200.00","264,700.00","224,600.00"
13365,13366,4085,NY-00130,OCEAN SIDE,11572,NASSAU,NY,"443,281.00","66,492.00","376,789.00",0.00,0.00,0.00,0.00
13365,13366,4085,NY-00130,OCEANSDE,11572,NASSAU,NY,"11,100.00",0.00,"11,100.00",0.00,0.00,0.00,0.00
13365,13366,4085,NY-00130,OCEANSIDE,11510,NASSAU,NY,"74,732.00","43,746.00","30,986.00","19,000.00","8,500.00","5,500.00","5,000.00"
13365,13366,4085,NY-00130,OCEANSIDE,11518,NASSAU,NY,"312,467.00","288,217.00","24,250.00",0.00,0.00,0.00,0.00
13365,13366,4085,NY-00130,OCEANSIDE,11554,NASSAU,NY,"219,703.00","65,253.00","154,450.00","332,700.00","58,000.00","154,500.00","120,200.00"
13365,13366,4085,NY-00130,OCEANSIDE,11570,NASSAU,NY,"30,199.00","10,599.00","19,600.00",0.00,0.00,0.00,0.00
13365,13366,4085,NY-00130,OCEANSIDE,11572,NASSAU,NY,"24,271,984.00","9,328,552.00","14,943,432.00","10,829,600.00","2,341,300.00","6,297,800.00","2,190,500.00"
13365,13366,4085,NY-00130,OCEANSIDE NEW YORK,11572,NASSAU,NY,"204,082.00","165,757.00","38,325.00",0.00,0.00,0.00,0.00
13365,13366,4085,NY-00130,OLD BETHPAGE,11804,NASSAU,NY,"303,478.00","295,854.00","7,624.00",0.00,0.00,0.00,0.00
13365,13366,4085,NY-00130,ORIENT,11957,SUFFOLK,NY,"119,747.00","118,687.00","1,060.00",0.00,0.00,0.00,0.00
13365,13366,4085,NY-00130,OSSINING,10562,WESTCHESTER,NY,"250,969.00","244,669.00","6,300.00",0.00,0.00,0.00,0.00
13365,13366,4085,NY-00130,OYSTER BAY,11771,NASSAU,NY,"5,000.00",0.00,"5,000.00",0.00,0.00,0.00,0.00
13365,13366,4085,NY-00130,OYSTER BAY COVE,11771,NASSAU,NY,"19,861.00","19,861.00",0.00,0.00,0.00,0.00,0.00
13365,13366,4085,NY-00130,OZONE PARK,11414,QUEENS,NY,"5,000.00",0.00,"5,000.00",0.00,0.00,0.00,0.00
13365,13366,4085,NY-00130,OZONE PARK,11416,QUEENS,NY,"80,782.00","10,875.00","69,907.00","63,000.00","1,000.00","50,000.00","12,000.00"
13365,13366,4085,NY-00130,OZONE PARK,11417,QUEENS,NY,"57,900.00","11,761.00","46,139.00","9,300.00",0.00,"9,300.00",0.00
13365,13366,4085,NY-00130,PATCHOGUE,11772,SUFFOLK,NY,"1,996,774.00","1,597,045.00","399,729.00","880,400.00","709,200.00","166,200.00","5,000.00"
13365,13366,4085,NY-00130,PATTERSON,12563,PUTNAM,NY,"82,673.00","82,673.00",0.00,0.00,0.00,0.00,0.00
13365,13366,4085,NY-00130,PEARL RIVER,10965,ROCKLAND,NY,"486,927.00","453,795.00","33,132.00","73,100.00","57,600.00","15,500.00",0.00
13365,13366,4085,NY-00130,PEEKSKILL,10566,WESTCHESTER,NY,"42,725.00",0.00,"42,725.00",0.00,0.00,0.00,0.00
13365,13366,4085,NY-00130,PEEKSKILL,10604,WESTCHESTER,NY,"18,000.00",0.00,"18,000.00",0.00,0.00,0.00,0.00
13365,13366,4085,NY-00130,PIERMONT,10968,ROCKLAND,NY,"1,573,160.00","1,402,015.00","171,145.00","397,900.00","376,100.00","12,200.00","9,600.00"
13365,13366,4085,NY-00130,PINE BUSH,12566,ULSTER,NY,"74,016.00","65,666.00","8,350.00",0.00,0.00,0.00,0.00
13365,13366,4085,NY-00130,PLAINVIEW,11803,NASSAU,NY,"916,701.00","100,210.00","816,491.00","655,800.00",0.00,"195,400.00","460,400.00"
13365,13366,4085,NY-00130,PLEASANTVILLE,10570,WESTCHESTER,NY,"22,000.00",0.00,"22,000.00","36,500.00",0.00,"22,000.00","14,500.00"
13365,13366,4085,NY-00130,POINT LOOKOUT,11561,NASSAU,NY,"88,664.00","23,664.00","65,000.00","65,000.00",0.00,"65,000.00",0.00
13365,13366,4085,NY-00130,POINT LOOKOUT,11569,NASSAU,NY,"1,995,843.00","1,476,792.00","519,051.00","1,472,900.00","1,030,600.00","386,100.00","32,100.00"
13365,13366,4085,NY-00130,POINT O WOODS,11706,SUFFOLK,NY,"74,909.00","73,709.00","1,200.00",0.00,0.00,0.00,0.00
13365,13366,4085,NY-00130,POINTLOOK OUT,11569,NASSAU,NY,"69,763.00","45,563.00","24,200.00",0.00,0.00,0.00,0.00
13365,13366,4085,NY-00130,POMONA,10970,ROCKLAND,NY,"7,357.00",0.00,"7,357.00",0.00,0.00,0.00,0.00
13365,13366,4085,NY-00130,PORT CHESTER,10573,WESTCHESTER,NY,"328,778.00","87,849.00","240,929.00","65,100.00","28,800.00","7,300.00","29,000.00"
13365,13366,4085,NY-00130,PORT JEFFERSON,11777,SUFFOLK,NY,"130,011.00","32,231.00","97,780.00","94,700.00","18,000.00","51,700.00","25,000.00"
13365,13366,4085,NY-00130,PORT JEFFERSON STATION,11776,SUFFOLK,NY,"40,784.00","11,964.00","28,820.00","27,300.00","5,500.00","21,800.00",0.00
13365,13366,4085,NY-00130,PORT WASHINGTON,11050,NASSAU,NY,"1,151,263.00","1,010,496.00","140,767.00","302,100.00",200.00,"57,200.00","244,700.00"
13365,13366,4085,NY-00130,POUND RIDGE,10576,WESTCHESTER,NY,"81,147.00","81,147.00",0.00,0.00,0.00,0.00,0.00
13365,13366,4085,NY-00130,QNS NY,11691,QUEENS,NY,"3,500.00",0.00,"3,500.00",0.00,0.00,0.00,0.00
13365,13366,4085,NY-00130,QUEENS,11694,QUEENS,NY,"819,789.00","819,389.00",400.00,"16,200.00",0.00,0.00,"16,200.00"
13365,13366,4085,NY-00130,QUEENS VILLAGE,11427,QUEENS,NY,"76,468.00","53,218.00","23,250.00",0.00,0.00,0.00,0.00
13365,13366,4085,NY-00130,QUEENS VILLAGE,11429,QUEENS,NY,"44,625.00","35,525.00","9,100.00","8,700.00","2,200.00","1,500.00","5,000.00"
13365,13366,4085,NY-00130,QUOGUE,11959,SUFFOLK,NY,"365,929.00","308,079.00","57,850.00",0.00,0.00,0.00,0.00
13365,13366,4085,NY-00130,REGO PARK,11374,QUEENS,NY,"3,000.00",0.00,"3,000.00",0.00,0.00,0.00,0.00
13365,13366,4085,NY-00130,REMSENBURG,11960,SUFFOLK,NY,"289,455.00","270,455.00","19,000.00","53,200.00","7,700.00","19,000.00","26,500.00"
13365,13366,4085,NY-00130,RICHMOND,10305,RICHMOND,NY,"15,452.00",0.00,"15,452.00",0.00,0.00,0.00,0.00
13365,13366,4085,NY-00130,RICHMOND HILL,11418,QUEENS,NY,"37,267.00","31,552.00","5,715.00","90,900.00","31,600.00","5,700.00","53,600.00"
13365,13366,4085,NY-00130,RIDGE,11961,SUFFOLK,NY,0.00,0.00,0.00,"12,300.00",0.00,0.00,"12,300.00"
13365,13366,4085,NY-00130,RIDGEWOOD,11385,QUEENS,NY,"78,354.00","12,369.00","65,985.00","114,700.00","12,400.00","56,500.00","45,800.00"
13365,13366,4085,NY-00130,RIVERHEAD,11901,SUFFOLK,NY,"1,628,780.00","864,925.00","763,855.00","1,274,600.00","342,800.00","724,600.00","207,200.00"
13365,13366,4085,NY-00130,ROBBINS REST,11770,SUFFOLK,NY,"41,670.00","40,950.00",720.00,0.00,0.00,0.00,0.00
13365,13366,4085,NY-00130,"ROBBINS REST, FIRE ISLAND",11770,SUFFOLK,NY,"248,572.00","227,322.00","21,250.00",0.00,0.00,0.00,0.00
13365,13366,4085,NY-00130,ROCKAWAY,11693,QUEENS,NY,"192,806.00","142,806.00","50,000.00",0.00,0.00,0.00,0.00
13365,13366,4085,NY-00130,ROCKAWAY,11694,QUEENS,NY,"1,154,296.00","960,901.00","193,395.00","492,500.00","327,400.00","128,400.00","36,700.00"
13365,13366,4085,NY-00130,ROCKAWAY,11743,QUEENS,NY,"25,000.00",0.00,"25,000.00",0.00,0.00,0.00,0.00
13365,13366,4085,NY-00130,ROCKAWAY BEAC,11693,QUEENS,NY,"653,765.00","522,785.00","130,980.00",0.00,0.00,0.00,0.00
13365,13366,4085,NY-00130,ROCKAWAY BEACH,11693,KINGS,NY,"12,405.00",0.00,"12,405.00",0.00,0.00,0.00,0.00
13365,13366,4085,NY-00130,ROCKAWAY BEACH,11230,QUEENS,NY,"436,491.00","436,491.00",0.00,"436,500.00","436,500.00",0.00,0.00
13365,13366,4085,NY-00130,ROCKAWAY BEACH,11692,QUEENS,NY,"30,125.00",0.00,"30,125.00",0.00,0.00,0.00,0.00
13365,13366,4085,NY-00130,ROCKAWAY BEACH,11693,QUEENS,NY,"34,762,753.00","17,421,389.00","17,341,364.00","17,847,400.00","2,885,100.00","11,351,900.00","3,610,400.00"
13365,13366,4085,NY-00130,ROCKAWAY BEACH,11694,QUEENS,NY,"2,555,930.00","980,580.00","1,575,350.00","1,088,300.00","485,900.00","593,100.00","9,300.00"
13365,13366,4085,NY-00130,ROCKAWAY PARK,11209,QUEENS,NY,"24,375.00","20,130.00","4,245.00",0.00,0.00,0.00,0.00
13365,13366,4085,NY-00130,ROCKAWAY PARK,11693,QUEENS,NY,"94,322.00","56,762.00","37,560.00","29,700.00","29,700.00",0.00,0.00
13365,13366,4085,NY-00130,ROCKAWAY PARK,11694,QUEENS,NY,"28,871,639.00","20,494,692.00","8,376,947.00","9,750,200.00","6,295,500.00","2,269,600.00","1,091,200.00"
13365,13366,4085,NY-00130,ROCKAWAY PARKWAY,11694,QUEENS,NY,"17,009.00","3,126.00","13,883.00",0.00,0.00,0.00,0.00
13365,13366,4085,NY-00130,ROCKAWAY POINT,11697,NEW YORK,NY,"7,350.00",0.00,"7,350.00","7,400.00",0.00,"7,400.00",0.00
13365,13366,4085,NY-00130,ROCKAWAY POINT,11695,QUEENS,NY,"173,977.00","167,272.00","6,705.00",0.00,0.00,0.00,0.00
13365,13366,4085,NY-00130,ROCKAWAY POINT,11697,QUEENS,NY,"3,317,437.00","2,030,514.00","1,286,923.00","267,300.00",0.00,"98,900.00","168,400.00"
13365,13366,4085,NY-00130,ROCKVILLE CENTRE,11570,NASSAU,NY,0.00,0.00,0.00,"4,000.00",0.00,0.00,"4,000.00"
13365,13366,4085,NY-00130,ROCKWAY BEACH,11693,QUEENS,NY,"327,945.00","261,730.00","66,215.00",0.00,0.00,0.00,0.00
13365,13366,4085,NY-00130,ROCKY POINT,11778,SUFFOLK,NY,"65,320.00","63,970.00","1,350.00","43,000.00","40,700.00","1,300.00","1,000.00"
13365,13366,4085,NY-00130,RONKONKOMA,11779,SUFFOLK,NY,"235,832.00","235,832.00",0.00,"17,200.00",0.00,0.00,"17,200.00"
13365,13366,4085,NY-00130,ROOSEVELT,11575,NASSAU,NY,"484,262.00","457,428.00","26,834.00",0.00,0.00,0.00,0.00
13365,13366,4085,NY-00130,ROOSEVELT ISLAND,10044,NEW YORK,NY,"800,220.00","800,220.00",0.00,"805,200.00","777,700.00",0.00,0.00
13365,13366,4085,NY-00130,ROSEDALE,11510,NASSAU,NY,"138,389.00",0.00,"138,389.00",0.00,0.00,0.00,0.00
13365,13366,4085,NY-00130,ROSEDALE,11422,NEW YORK,NY,"9,517.00",0.00,"9,517.00",0.00,0.00,0.00,0.00
13365,13366,4085,NY-00130,ROSEDALE,11413,QUEENS,NY,"13,175.00","13,175.00",0.00,"12,000.00","12,000.00",0.00,0.00
13365,13366,4085,NY-00130,ROSEDALE,11422,QUEENS,NY,"1,253,329.00","984,575.00","268,754.00","376,200.00","229,000.00","70,400.00","76,800.00"
13365,13366,4085,NY-00130,ROSLYN,11576,NASSAU,NY,"117,492.00","82,976.00","34,516.00",0.00,0.00,0.00,0.00
13365,13366,4085,NY-00130,ROSLYN HEIGHTS,11577,NASSAU,NY,"318,222.00","281,104.00","37,118.00","126,300.00","126,300.00",0.00,0.00
13365,13366,4085,NY-00130,RYE,10580,WESTCHESTER,NY,"4,341,057.00","4,205,096.00","135,961.00","317,500.00","317,500.00",0.00,0.00
13365,13366,4085,NY-00130,S.I.,10309,RICHMOND,NY,"256,497.00","216,877.00","39,620.00",0.00,0.00,0.00,0.00
13365,13366,4085,NY-00130,SAG HARBOR,11963,SUFFOLK,NY,"98,447.00","63,194.00","35,253.00","148,800.00","51,200.00","28,200.00","69,400.00"
13365,13366,4085,NY-00130,SAGAPONACK,11962,SUFFOLK,NY,"166,705.00","148,355.00","18,350.00","83,300.00","65,000.00","18,300.00",0.00
13365,13366,4085,NY-00130,SAINT ALBANS,11412,QUEENS,NY,"100,156.00","81,931.00","18,225.00","91,000.00","3,200.00","4,300.00","83,500.00"
13365,13366,4085,NY-00130,SAINT ALBANS,11413,QUEENS,NY,"94,216.00","94,216.00",0.00,0.00,0.00,0.00,0.00
13365,13366,4085,NY-00130,SAINT JAMES,11780,SUFFOLK,NY,"67,016.00","3,231.00","63,785.00",0.00,0.00,0.00,0.00
13365,13366,4085,NY-00130,SALTAIRE,11706,SUFFOLK,NY,"4,674.00",0.00,"4,674.00",0.00,0.00,0.00,0.00
13365,13366,4085,NY-00130,SAME,11510,NASSAU,NY,"21,569.00",0.00,"21,569.00",0.00,0.00,0.00,0.00
13365,13366,4085,NY-00130,SAYVILLE,11782,SUFFOLK,NY,"934,216.00","689,329.00","244,887.00","626,300.00","460,600.00","135,300.00","30,400.00"
13365,13366,4085,NY-00130,SEAFORD,11758,NASSAU,NY,"42,794.00","42,794.00",0.00,0.00,0.00,0.00,0.00
13365,13366,4085,NY-00130,SEAFORD,11783,NASSAU,NY,"4,603,236.00","2,617,023.00","1,986,213.00","1,978,000.00","944,100.00","826,200.00","207,700.00"
13365,13366,4085,NY-00130,SEAVIEW,11770,SUFFOLK,NY,"175,416.00","129,826.00","45,590.00","166,800.00","129,900.00","36,900.00",0.00
13365,13366,4085,NY-00130,"SEAVIEW, FIRE ISLAND",11770,SUFFOLK,NY,"1,667,011.00","1,580,476.00","86,535.00","1,587,200.00","1,570,600.00","16,600.00",0.00
13365,13366,4085,NY-00130,SELDEN,11784,SUFFOLK,NY,"23,896.00","23,896.00",0.00,"42,800.00",0.00,0.00,"42,800.00"
13365,13366,4085,NY-00130,SHELTER ISLAND,11964,SUFFOLK,NY,"420,462.00","245,457.00","175,005.00","138,400.00","126,100.00","12,300.00",0.00
13365,13366,4085,NY-00130,SHELTER ISLAND HEIGHTS,11965,SUFFOLK,NY,"65,018.00","65,018.00",0.00,0.00,0.00,0.00,0.00
13365,13366,4085,NY-00130,SHELTER ISLAND HGTS,11965,SUFFOLK,NY,"703,163.00","703,163.00",0.00,"703,200.00","703,200.00",0.00,0.00
13365,13366,4085,NY-00130,SHIRELY,11967,SUFFOLK,NY,"6,575.00",0.00,"6,575.00",0.00,0.00,0.00,0.00
13365,13366,4085,NY-00130,SHIRLEY,11967,SUFFOLK,NY,"18,241.00","18,241.00",0.00,0.00,0.00,0.00,0.00
13365,13366,4085,NY-00130,SHOKAN,12481,ULSTER,NY,"997,302.00","212,050.00","785,252.00","418,300.00",0.00,"418,300.00",0.00
13365,13366,4085,NY-00130,SOUND BEACH,11789,SUFFOLK,NY,"201,515.00","201,515.00",0.00,"215,300.00","201,500.00",0.00,"13,800.00"
13365,13366,4085,NY-00130,SOUTH BROOKLYN,11231,KINGS,NY,"196,207.00","189,832.00","6,375.00",0.00,0.00,0.00,0.00
13365,13366,4085,NY-00130,SOUTH OYSTER BAY,11783,NASSAU,NY,"226,571.00","215,121.00","11,450.00",0.00,0.00,0.00,0.00
13365,13366,4085,NY-00130,SOUTH OZONE PARK,11420,QUEENS,NY,"117,664.00","112,864.00","4,800.00","50,800.00","50,800.00",0.00,0.00
13365,13366,4085,NY-00130,SOUTH SALEM,10590,WESTCHESTER,NY,"2,191.00",0.00,"2,191.00",0.00,0.00,0.00,0.00
13365,13366,4085,NY-00130,SOUTHAMPTON,11968,SUFFOLK,NY,"546,435.00","430,120.00","116,315.00","556,300.00","332,800.00","91,300.00","132,200.00"
13365,13366,4085,NY-00130,SOUTHOLD,11971,SUFFOLK,NY,"2,971,206.00","2,081,695.00","889,511.00","847,300.00","707,400.00","139,900.00",0.00
13365,13366,4085,NY-00130,SPRING FIELD,11422,QUEENS,NY,"68,800.00","48,725.00","20,075.00",0.00,0.00,0.00,0.00
13365,13366,4085,NY-00130,SPRING VALLEY,10977,ROCKLAND,NY,"241,262.00","215,972.00","25,290.00","13,900.00","4,500.00",0.00,"9,400.00"
13365,13366,4085,NY-00130,SPRINGFIELD GARDENS,11413,QUEENS,NY,"2,425.00",725.00,"1,700.00",0.00,0.00,0.00,0.00
13365,13366,4085,NY-00130,SPRINGFIELD-GARDENS,11413,QUEENS,NY,"52,942.00","51,342.00","1,600.00",0.00,0.00,0.00,0.00
13365,13366,4085,NY-00130,STAEN ISLAND,10306,RICHMOND,NY,"74,534.00","72,034.00","2,500.00",0.00,0.00,0.00,0.00
13365,13366,4085,NY-00130,STATE ISLAND,10303,RICHMOND,NY,"2,442,338.00","60,423.00","2,381,915.00",0.00,0.00,0.00,0.00
13365,13366,4085,NY-00130,STATEN ISALND,10309,RICHMOND,NY,"44,810.00","43,160.00","1,650.00","47,500.00","43,200.00","1,700.00","2,600.00"
13365,13366,4085,NY-00130,STATEN ISLAND,10303,NEW YORK,NY,"15,563.00","4,888.00","10,675.00",0.00,0.00,0.00,0.00
13365,13366,4085,NY-00130,STATEN ISLAND,10310,NEW YORK,NY,"60,511.00","48,656.00","11,855.00",0.00,0.00,0.00,0.00
13365,13366,4085,NY-00130,STATEN ISLAND,10103,RICHMOND,NY,"27,850.00",0.00,"27,850.00",0.00,0.00,0.00,0.00
13365,13366,4085,NY-00130,STATEN ISLAND,10301,RICHMOND,NY,"925,016.00","797,851.00","127,165.00","157,200.00","112,900.00","29,300.00","15,000.00"
13365,13366,4085,NY-00130,STATEN ISLAND,10302,RICHMOND,NY,"1,964,015.00","1,039,215.00","924,800.00","242,400.00","48,600.00","74,900.00","118,900.00"
13365,13366,4085,NY-00130,STATEN ISLAND,10303,RICHMOND,NY,"6,015,311.00","2,216,880.00","3,798,431.00","2,093,400.00","418,200.00","1,657,000.00","18,200.00"
13365,13366,4085,NY-00130,STATEN ISLAND,10304,RICHMOND,NY,"2,892,274.00","2,033,879.00","858,395.00","986,200.00","735,000.00","140,400.00","110,800.00"
13365,13366,4085,NY-00130,STATEN ISLAND,10305,RICHMOND,NY,"13,474,000.00","9,239,496.00","4,234,504.00","5,245,000.00","3,429,500.00","1,399,600.00","415,900.00"
13365,13366,4085,NY-00130,STATEN ISLAND,10306,RICHMOND,NY,"27,937,623.00","20,928,493.00","7,009,130.00","7,452,700.00","4,772,100.00","1,850,800.00","829,800.00"
13365,13366,4085,NY-00130,STATEN ISLAND,10307,RICHMOND,NY,"5,035,599.00","1,655,746.00","3,379,853.00","451,400.00","74,900.00","290,300.00","86,200.00"
13365,13366,4085,NY-00130,STATEN ISLAND,10308,RICHMOND,NY,"8,816,354.00","7,249,271.00","1,567,083.00","3,049,900.00","2,205,900.00","808,000.00","36,000.00"
13365,13366,4085,NY-00130,STATEN ISLAND,10309,RICHMOND,NY,"4,445,038.00","2,402,982.00","2,042,056.00","1,930,800.00","933,700.00","693,000.00","304,100.00"
13365,13366,4085,NY-00130,STATEN ISLAND,10310,RICHMOND,NY,"1,209,440.00","471,792.00","737,648.00","468,500.00","90,600.00","97,500.00","280,400.00"
13365,13366,4085,NY-00130,STATEN ISLAND,10312,RICHMOND,NY,"2,838,893.00","2,491,724.00","347,169.00","521,600.00","431,200.00","52,100.00","38,300.00"
13365,13366,4085,NY-00130,STATEN ISLAND,10314,RICHMOND,NY,"1,794,180.00","958,739.00","835,441.00","180,400.00","105,000.00","2,200.00","73,200.00"
13365,13366,4085,NY-00130,STEWART MANOR,11530,NASSAU,NY,"55,117.00","18,670.00","36,447.00",0.00,0.00,0.00,0.00
13365,13366,4085,NY-00130,STONY BROOK,11790,SUFFOLK,NY,"118,409.00","114,359.00","4,050.00","169,000.00","108,600.00","1,200.00","59,200.00"
13365,13366,4085,NY-00130,STONY POINT,10980,ROCKLAND,NY,"1,051,232.00","676,647.00","374,585.00","92,800.00","88,600.00","2,800.00","1,400.00"
13365,13366,4085,NY-00130,SUFFERN,10901,ROCKLAND,NY,"15,891.00","15,891.00",0.00,0.00,0.00,0.00,0.00
13365,13366,4085,NY-00130,SYOSSET,11791,NASSAU,NY,"49,314.00","29,314.00","20,000.00","43,600.00",0.00,0.00,"43,600.00"
13365,13366,4085,NY-00130,TANNERSVILLE,12485,GREENE,NY,0.00,0.00,0.00,"45,200.00",0.00,0.00,"45,200.00"
13365,13366,4085,NY-00130,TARRYTOWN,10591,WESTCHESTER,NY,"257,785.00","216,551.00","41,234.00",0.00,0.00,0.00,0.00
13365,13366,4085,NY-00130,UNIONDALE,11553,NASSAU,NY,"3,087.00",87.00,"3,000.00",0.00,0.00,0.00,0.00
13365,13366,4085,NY-00130,VALLEY COTTAGE,10989,ROCKLAND,NY,"37,795.00","37,795.00",0.00,0.00,0.00,0.00,0.00
13365,13366,4085,NY-00130,VALLEY STREAM,11580,NASSAU,NY,"10,412.00","2,436.00","7,976.00","99,400.00",0.00,0.00,"99,400.00"
13365,13366,4085,NY-00130,VALLEY STREAM,11581,NASSAU,NY,"2,478,280.00","590,077.00","1,888,203.00","587,800.00","53,800.00","360,100.00","173,900.00"
13365,13366,4085,NY-00130,"VALLEY STREAM,",11518,NASSAU,NY,"25,600.00",0.00,"25,600.00",0.00,0.00,0.00,0.00
13365,13366,4085,NY-00130,VERPLANCK,10596,WESTCHESTER,NY,"36,238.00","16,603.00","19,635.00",0.00,0.00,0.00,0.00
13365,13366,4085,NY-00130,W. NYACK,10994,ROCKLAND,NY,"21,519.00","21,519.00",0.00,0.00,0.00,0.00,0.00
13365,13366,4085,NY-00130,WADING RIVER,11792,SUFFOLK,NY,"307,420.00","307,420.00",0.00,"117,600.00",0.00,0.00,"117,600.00"
13365,13366,4085,NY-00130,WAINSCOTT,11975,SUFFOLK,NY,"16,500.00",0.00,"16,500.00","66,000.00",0.00,"16,500.00","49,500.00"
13365,13366,4085,NY-00130,WANTAGH,11793,NASSAU,NY,"1,364,612.00","419,496.00","945,116.00","41,500.00","9,000.00","21,500.00","11,000.00"
13365,13366,4085,NY-00130,WATER MILL,11976,SUFFOLK,NY,"11,199.00",0.00,"11,199.00","11,200.00",0.00,"11,200.00",0.00
13365,13366,4085,NY-00130,WEST BABYLON,11704,SUFFOLK,NY,"225,146.00","95,858.00","129,288.00","460,000.00","5,200.00","110,000.00","344,800.00"
13365,13366,4085,NY-00130,WEST HAVERSTRAW,10993,ROCKLAND,NY,"25,513.00","24,713.00",800.00,"19,000.00","14,000.00",0.00,"5,000.00"
13365,13366,4085,NY-00130,WEST HEMPSTEAD,11552,NASSAU,NY,"95,980.00","1,305.00","94,675.00","238,900.00","1,400.00","92,000.00","145,500.00"
13365,13366,4085,NY-00130,WEST ISLIP,11795,SUFFOLK,NY,"1,392,068.00","1,110,688.00","281,380.00","62,100.00","23,900.00","23,300.00","14,900.00"
13365,13366,4085,NY-00130,WEST NYACK,10994,ROCKLAND,NY,"287,835.00","38,280.00","249,555.00","651,100.00","38,300.00","242,800.00","370,000.00"
13365,13366,4085,NY-00130,WEST SAYVILLE,11796,SUFFOLK,NY,"1,012,445.00","852,317.00","160,128.00",0.00,0.00,0.00,0.00
13365,13366,4085,NY-00130,WESTBURY,11590,NASSAU,NY,"134,906.00","53,000.00","81,906.00","198,400.00","51,600.00","80,900.00","65,900.00"
13365,13366,4085,NY-00130,WESTHAMPTON,11978,SUFFOLK,NY,"35,279.00","35,279.00",0.00,0.00,0.00,0.00,0.00
13365,13366,4085,NY-00130,WESTHAMPTON BEACH,11978,SUFFOLK,NY,"525,542.00","457,146.00","68,396.00","155,900.00","96,600.00","59,300.00",0.00
13365,13366,4085,NY-00130,WHEATLEY HEIGHTS,11798,SUFFOLK,NY,"33,115.00","31,015.00","2,100.00",0.00,0.00,0.00,0.00
13365,13366,4085,NY-00130,WHITE PLAINS,10601,WESTCHESTER,NY,0.00,0.00,0.00,"257,800.00",0.00,0.00,"257,800.00"
13365,13366,4085,NY-00130,WHITE PLAINS,10605,WESTCHESTER,NY,"22,215.00",0.00,"22,215.00","72,300.00",0.00,"22,300.00","50,000.00"
13365,13366,4085,NY-00130,WHITE PLAINS,10606,WESTCHESTER,NY,"53,335.00","13,652.00","39,683.00","14,000.00",0.00,"14,000.00",0.00
13365,13366,4085,NY-00130,WHITE PLAINS,10607,WESTCHESTER,NY,"16,716.00",0.00,"16,716.00",0.00,0.00,0.00,0.00
13365,13366,4085,NY-00130,WHITESTONE,11357,QUEENS,NY,"59,936.00","44,020.00","15,916.00","46,800.00","9,600.00",0.00,"37,200.00"
13365,13366,4085,NY-00130,WOODBOURNE,12788,SULLIVAN,NY,"725,896.00","707,296.00","18,600.00",0.00,0.00,0.00,0.00
13365,13366,4085,NY-00130,WOODBURY,11797,NASSAU,NY,"63,669.00","53,169.00","10,500.00","10,500.00",0.00,"10,500.00",0.00
13365,13366,4085,NY-00130,WOODHAVEN,11421,QUEENS,NY,"27,900.00","27,900.00",0.00,"15,900.00",0.00,0.00,"15,900.00"
13365,13366,4085,NY-00130,WOODMERE,11598,NASSAU,NY,"472,152.00","180,082.00","292,070.00","27,000.00","10,400.00","16,600.00",0.00
13365,13366,4085,NY-00130,WOODSIDE,11377,QUEENS,NY,"58,262.00","13,062.00","45,200.00","13,100.00","13,100.00",0.00,0.00
13365,13366,4085,NY-00130,WOODSTOCK,12498,ULSTER,NY,"56,800.00",0.00,"56,800.00",0.00,0.00,0.00,0.00
13365,13366,4085,NY-00130,WYANDANCH,11798,SUFFOLK,NY,"129,183.00","86,189.00","42,994.00","57,300.00","56,500.00",800.00,0.00
13365,13366,4085,NY-00130,YAPHANK,11980,SUFFOLK,NY,"49,982.00","49,982.00",0.00,"41,400.00","38,700.00",0.00,0.00
13365,13366,4085,NY-00130,YONKERS,10701,WESTCHESTER,NY,"145,903.00","140,453.00","5,450.00","26,100.00","20,900.00","2,300.00","2,900.00"
13365,13366,4085,NY-00130,YONKERS,10704,WESTCHESTER,NY,"44,170.00","16,675.00","27,495.00","20,100.00","7,100.00","3,500.00","9,500.00"
13365,13366,4085,NY-00130,YONKERS,10705,WESTCHESTER,NY,"5,200.00",0.00,"5,200.00","12,400.00",0.00,0.00,"12,400.00"
13367,13368,4086,NJ-00033,ABERDEEN,7747,MONMOUTH,NJ,"4,849.00",0.00,"4,849.00",0.00,0.00,0.00,0.00
13367,13368,4086,NJ-00033,ABSECON,8201,ATLANTIC,NJ,"621,729.00","422,803.00","198,926.00","16,700.00",0.00,"16,700.00",0.00
13367,13368,4086,NJ-00033,AC,8401,ATLANTIC,NJ,"36,701.00","14,881.00","21,820.00",0.00,0.00,0.00,0.00
13367,13368,4086,NJ-00033,ALLENTOWN,8501,MONMOUTH,NJ,"4,925.00",0.00,"4,925.00",0.00,0.00,0.00,0.00
13367,13368,4086,NJ-00033,ALPHA,8865,WARREN,NJ,"280,085.00","280,085.00",0.00,"133,500.00","133,500.00",0.00,0.00
13367,13368,4086,NJ-00033,ARVERNE,11692,QUEENS,NY,"50,184.00","48,584.00","1,600.00",0.00,0.00,0.00,0.00
13367,13368,4086,NJ-00033,ASBURY PARK,7712,MONMOUTH,NJ,"2,520,493.00","1,231,986.00","1,288,507.00","1,682,100.00","631,300.00","1,050,800.00",0.00
13367,13368,4086,NJ-00033,ASBURY PARK,7715,MONMOUTH,NJ,"342,313.00","342,313.00",0.00,"300,000.00","300,000.00",0.00,0.00
13367,13368,4086,NJ-00033,ASBURY PARK,7719,MONMOUTH,NJ,"2,839.00",0.00,"2,839.00",0.00,0.00,0.00,0.00
13367,13368,4086,NJ-00033,ASBURY PARK,7728,MONMOUTH,NJ,"27,420.00","21,620.00","5,800.00","14,000.00","14,000.00",0.00,0.00
13367,13368,4086,NJ-00033,ASBURY PARK,7762,MONMOUTH,NJ,"25,390.00",0.00,"25,390.00",0.00,0.00,0.00,0.00
13367,13368,4086,NJ-00033,ASBURY PARK,8739,MONMOUTH,NJ,"239,444.00","104,392.00","135,052.00","529,500.00","104,400.00","125,100.00","300,000.00"
13367,13368,4086,NJ-00033,ATLANTIC,8401,ATLANTIC,NJ,"26,170.00",0.00,"26,170.00",0.00,0.00,0.00,0.00
13367,13368,4086,NJ-00033,ATLANTIC CITY,8002,ATLANTIC,NJ,"109,080.00","106,130.00","2,950.00",0.00,0.00,0.00,0.00
13367,13368,4086,NJ-00033,ATLANTIC CITY,8221,ATLANTIC,NJ,0.00,0.00,0.00,"34,600.00",0.00,0.00,"34,600.00"
13367,13368,4086,NJ-00033,ATLANTIC CITY,8225,ATLANTIC,NJ,"68,526.00","60,726.00","7,800.00",0.00,0.00,0.00,0.00
13367,13368,4086,NJ-00033,ATLANTIC CITY,8232,ATLANTIC,NJ,"12,598.00",0.00,"12,598.00",0.00,0.00,0.00,0.00
13367,13368,4086,NJ-00033,ATLANTIC CITY,8234,ATLANTIC,NJ,"86,679.00","82,991.00","3,688.00",0.00,0.00,0.00,0.00
13367,13368,4086,NJ-00033,ATLANTIC CITY,8401,ATLANTIC,NJ,"16,754,698.00","13,181,891.00","3,572,807.00","4,808,700.00","2,953,200.00","796,700.00","1,058,800.00"
13367,13368,4086,NJ-00033,ATLANTIC CITY,8402,ATLANTIC,NJ,"438,341.00","381,076.00","57,265.00",0.00,0.00,0.00,0.00
13367,13368,4086,NJ-00033,ATLANTIC CITY,8404,ATLANTIC,NJ,"130,010.00","128,410.00","1,600.00",0.00,0.00,0.00,0.00
13367,13368,4086,NJ-00033,ATLANTIC HIGHLANDS,7716,MONMOUTH,NJ,"1,431,541.00","464,139.00","967,402.00","501,500.00","92,300.00","291,600.00","117,600.00"
13367,13368,4086,NJ-00033,ATLANTIC HIGHLANDS,7716,OCEAN,NJ,"51,616.00","28,398.00","23,218.00","14,000.00",0.00,"14,000.00",0.00
13367,13368,4086,NJ-00033,AVALON,8202,CAPE MAY,NJ,"2,950,757.00","1,766,263.00","1,184,494.00","205,800.00","72,900.00","132,900.00",0.00
13367,13368,4086,NJ-00033,AVENEL,7001,MIDDLESEX,NJ,"6,540,089.00","908,346.00","5,631,743.00","245,200.00","1,400.00","185,600.00","58,200.00"
13367,13368,4086,NJ-00033,AVON,7717,MONMOUTH,NJ,"71,578.00","53,953.00","17,625.00",0.00,0.00,0.00,0.00
13367,13368,4086,NJ-00033,AVON BY SEA,7717,MONMOUTH,NJ,"20,767.00","20,767.00",0.00,0.00,0.00,0.00,0.00
13367,13368,4086,NJ-00033,AVON BY THE SEA,7717,MONMOUTH,NJ,"417,482.00","409,357.00","8,125.00","286,300.00","286,300.00",0.00,0.00
13367,13368,4086,NJ-00033,AVON BY THE SEA,8736,MONMOUTH,NJ,"39,938.00","16,938.00","23,000.00",0.00,0.00,0.00,0.00
13367,13368,4086,NJ-00033,BARNEGAT,8005,OCEAN,NJ,"1,769,061.00","1,729,901.00","39,160.00","1,508,700.00","1,488,200.00","14,200.00","6,300.00"
13367,13368,4086,NJ-00033,BARNEGAT LIGHT,8006,OCEAN,NJ,"179,645.00","128,840.00","50,805.00","29,100.00","21,500.00",0.00,"7,600.00"
13367,13368,4086,NJ-00033,BASKING RIDGE,7920,SOMERSET,NJ,"22,605.00",0.00,"22,605.00",0.00,0.00,0.00,0.00
13367,13368,4086,NJ-00033,BAY HEAD,8742,OCEAN,NJ,"4,511,007.00","2,994,301.00","1,516,706.00","2,126,000.00","1,072,500.00","690,000.00","363,500.00"
13367,13368,4086,NJ-00033,BAYONNE,7002,HUDSON,NJ,"4,806,607.00","2,934,867.00","1,871,740.00","797,500.00","447,200.00","242,600.00","107,700.00"
13367,13368,4086,NJ-00033,BAYONNE,8540,HUDSON,NJ,"4,010.00","4,010.00",0.00,0.00,0.00,0.00,0.00
13367,13368,4086,NJ-00033,BAYVIILE,8721,OCEAN,NJ,"831,529.00","456,448.00","375,081.00",0.00,0.00,0.00,0.00
13367,13368,4086,NJ-00033,BAYVILLE,8721,OCEAN,NJ,"4,560,959.00","3,957,416.00","603,543.00","1,352,400.00","1,264,500.00","11,100.00","76,800.00"
13367,13368,4086,NJ-00033,BEAC HAVEN GARDENS,8008,OCEAN,NJ,"29,283.00","8,802.00","20,481.00",0.00,0.00,0.00,0.00
13367,13368,4086,NJ-00033,BEACH HAVEN,8002,OCEAN,NJ,778.00,778.00,0.00,0.00,0.00,0.00,0.00
13367,13368,4086,NJ-00033,BEACH HAVEN,8008,OCEAN,NJ,"11,846,676.00","8,670,575.00","3,176,101.00","4,012,700.00","2,207,700.00","1,074,700.00","730,300.00"
13367,13368,4086,NJ-00033,BEACH HAVEN,8087,OCEAN,NJ,"20,397.00","3,437.00","16,960.00","13,400.00",0.00,"13,400.00",0.00
13367,13368,4086,NJ-00033,BEACH HAVEN CREST,8008,OCEAN,NJ,"148,234.00","112,999.00","35,235.00",0.00,0.00,0.00,0.00
13367,13368,4086,NJ-00033,BEACH HAVEN GARDEN,8008,OCEAN,NJ,"68,899.00","51,299.00","17,600.00",0.00,0.00,0.00,0.00
13367,13368,4086,NJ-00033,BEACH HAVEN GARDENS,8008,OCEAN,NJ,"1,151,735.00","727,149.00","424,586.00","273,800.00","187,100.00","86,700.00",0.00
13367,13368,4086,NJ-00033,BEACH HAVEN PARK,8008,OCEAN,NJ,"65,395.00","50,930.00","14,465.00","45,400.00","36,000.00","9,400.00",0.00
13367,13368,4086,NJ-00033,BEACH HAVEN TERRACE,8008,OCEAN,NJ,"419,596.00","373,113.00","46,483.00","54,800.00","39,800.00","15,000.00",0.00
13367,13368,4086,NJ-00033,BEACH HAVEN WEST,8050,OCEAN,NJ,"85,567.00","79,710.00","5,857.00","28,800.00","28,800.00",0.00,0.00
13367,13368,4086,NJ-00033,BEACHWOOD,8722,OCEAN,NJ,"8,739.00","8,739.00",0.00,0.00,0.00,0.00,0.00
13367,13368,4086,NJ-00033,BEACHWOOD AVE,8722,OCEAN,NJ,"36,644.00","35,544.00","1,100.00",0.00,0.00,0.00,0.00
13367,13368,4086,NJ-00033,BELFORD,7718,MONMOUTH,NJ,"800,694.00","569,493.00","231,201.00","91,200.00","12,000.00","31,500.00","47,700.00"
13367,13368,4086,NJ-00033,BELLEVILLE,7109,ESSEX,NJ,"581,125.00","69,874.00","511,251.00","112,900.00","9,500.00","1,100.00","102,300.00"
13367,13368,4086,NJ-00033,BELLEVILLE,7109,HUDSON,NJ,"44,500.00",0.00,"44,500.00","39,400.00","10,500.00",0.00,"28,900.00"
13367,13368,4086,NJ-00033,BELLEVILLE,7109,PASSAIC,NJ,"15,000.00",0.00,"15,000.00",0.00,0.00,0.00,0.00
13367,13368,4086,NJ-00033,BELMAR,7719,MONMOUTH,NJ,"10,812,003.00","9,185,026.00","1,626,977.00","2,208,900.00","1,252,000.00","629,900.00","327,000.00"
13367,13368,4086,NJ-00033,BELMAR,7719,OCEAN,NJ,"15,844.00","8,544.00","7,300.00",0.00,0.00,0.00,0.00
13367,13368,4086,NJ-00033,BELMAR BORO,7719,MONMOUTH,NJ,0.00,0.00,0.00,"39,700.00",0.00,0.00,"39,700.00"
13367,13368,4086,NJ-00033,BELVIDERE,7823,WARREN,NJ,"53,814.00","53,814.00",0.00,0.00,0.00,0.00,0.00
13367,13368,4086,NJ-00033,BERGENFIELD,7621,BERGEN,NJ,"43,852.00",0.00,"43,852.00",0.00,0.00,0.00,0.00
13367,13368,4086,NJ-00033,BERKELEY HEIGHTS,7922,UNION,NJ,"18,420.00","18,420.00",0.00,0.00,0.00,0.00,0.00
13367,13368,4086,NJ-00033,BERKELEY MEADOWS,7922,UNION,NJ,"79,154.00","79,154.00",0.00,0.00,0.00,0.00,0.00
13367,13368,4086,NJ-00033,BERNARDSVILLE,7924,SOMERSET,NJ,"177,844.00","177,844.00",0.00,"26,000.00",0.00,0.00,"26,000.00"
13367,13368,4086,NJ-00033,BIRGATINE,8203,ATLANTIC,NJ,"111,409.00","107,409.00","4,000.00",0.00,0.00,0.00,0.00
13367,13368,4086,NJ-00033,BLOOMFIELD,7003,ESSEX,NJ,"158,884.00","144,643.00","14,241.00","113,300.00",0.00,"9,800.00","103,500.00"
13367,13368,4086,NJ-00033,BOONTON,7005,MORRIS,NJ,"26,180.00",0.00,"26,180.00",0.00,0.00,0.00,0.00
13367,13368,4086,NJ-00033,BORDENTOWN,8505,BURLINGTON,NJ,0.00,0.00,0.00,"37,500.00",0.00,0.00,"37,500.00"
13367,13368,4086,NJ-00033,BOUND BROOK,8805,SOMERSET,NJ,"49,157.00","49,157.00",0.00,"106,100.00","28,800.00",0.00,"77,300.00"
13367,13368,4086,NJ-00033,BRADLEY BEACH,7720,MONMOUTH,NJ,"743,600.00","611,049.00","132,551.00","778,700.00","561,700.00","119,200.00","97,800.00"
13367,13368,4086,NJ-00033,BRANCHBURG,8853,SOMERSET,NJ,"40,000.00","40,000.00",0.00,0.00,0.00,0.00,0.00
13367,13368,4086,NJ-00033,BRANCHBURG,8876,SOMERSET,NJ,"499,411.00","3,724.00","495,687.00",0.00,0.00,0.00,0.00
13367,13368,4086,NJ-00033,BRANT BEACH,8008,OCEAN,NJ,"1,650,873.00","1,265,241.00","385,632.00","437,200.00","338,600.00","98,600.00",0.00
13367,13368,4086,NJ-00033,BRICK,8723,OCEAN,NJ,"7,004,768.00","5,397,090.00","1,607,678.00","4,178,000.00","2,775,000.00","920,800.00","482,200.00"
13367,13368,4086,NJ-00033,BRICK,8724,OCEAN,NJ,"3,215,155.00","2,019,433.00","1,195,722.00","2,425,400.00","1,525,200.00","649,300.00","250,900.00"
13367,13368,4086,NJ-00033,BRICK,8738,OCEAN,NJ,"94,035.00","82,235.00","11,800.00",0.00,0.00,0.00,0.00
13367,13368,4086,NJ-00033,BRICK,8753,OCEAN,NJ,"719,877.00","650,607.00","69,270.00",0.00,0.00,0.00,0.00
13367,13368,4086,NJ-00033,BRICK TOWN,8723,OCEAN,NJ,"7,475.00",0.00,"7,475.00",0.00,0.00,0.00,0.00
13367,13368,4086,NJ-00033,BRICK TOWNSHIP,8724,OCEAN,NJ,"99,070.00","80,170.00","18,900.00",0.00,0.00,0.00,0.00
13367,13368,4086,NJ-00033,BRIDGETON,8302,CUMBERLAND,NJ,"190,443.00","157,388.00","33,055.00",0.00,0.00,0.00,0.00
13367,13368,4086,NJ-00033,BRIDGEWATER,8742,OCEAN,NJ,"50,872.00","45,472.00","5,400.00",0.00,0.00,0.00,0.00
13367,13368,4086,NJ-00033,BRIDGEWATER,8807,SOMERSET,NJ,"144,341.00","79,541.00","64,800.00","137,300.00",0.00,"64,800.00","72,500.00"
13367,13368,4086,NJ-00033,BRIELLE,7730,MONMOUTH,NJ,"3,440.00",0.00,"3,440.00",0.00,0.00,0.00,0.00
13367,13368,4086,NJ-00033,BRIELLE,8730,MONMOUTH,NJ,"1,103,448.00","984,851.00","118,597.00","539,700.00","438,400.00","36,000.00","65,300.00"
13367,13368,4086,NJ-00033,BRIGANINE,8203,ATLANTIC,NJ,"31,710.00","22,508.00","9,202.00",0.00,0.00,0.00,0.00
13367,13368,4086,NJ-00033,BRIGANTINE,8203,ATLANTIC,NJ,"5,404,528.00","4,556,223.00","848,305.00","1,273,300.00","1,108,300.00","145,100.00","19,900.00"
13367,13368,4086,NJ-00033,BRIGANTINE,8302,ATLANTIC,NJ,"208,651.00","208,651.00",0.00,"253,000.00","253,000.00",0.00,0.00
13367,13368,4086,NJ-00033,BRIGANTINE,8406,ATLANTIC,NJ,"182,421.00","129,611.00","52,810.00",0.00,0.00,0.00,0.00
13367,13368,4086,NJ-00033,BRIGHTON,8008,OCEAN,NJ,"191,238.00","161,238.00","30,000.00","20,000.00",0.00,"20,000.00",0.00
13367,13368,4086,NJ-00033,BRIGHTON BEACH,8008,OCEAN,NJ,"90,429.00","76,479.00","13,950.00",0.00,0.00,0.00,0.00
13367,13368,4086,NJ-00033,BRINGANTINE,8203,ATLANTIC,NJ,"32,838.00","31,763.00","1,075.00",0.00,0.00,0.00,0.00
13367,13368,4086,NJ-00033,BRONX,10940,BRONX,NY,0.00,0.00,0.00,"4,700.00",0.00,0.00,"4,700.00"
13367,13368,4086,NJ-00033,BUDD LAKE,7828,MORRIS,NJ,"9,525.00",0.00,"9,525.00","22,200.00",0.00,0.00,"22,200.00"
13367,13368,4086,NJ-00033,BYRAM TOWNSHIP,7821,SUSSEX,NJ,"44,114.00","42,914.00","1,200.00","49,900.00","43,000.00","1,200.00","5,700.00"
13367,13368,4086,NJ-00033,CALIFON,7830,HUNTERDON,NJ,"134,527.00","134,527.00",0.00,"69,900.00","69,900.00",0.00,0.00
13367,13368,4086,NJ-00033,CAMDEN,8104,CAMDEN,NJ,600.00,0.00,600.00,0.00,0.00,0.00,0.00
13367,13368,4086,NJ-00033,CAPE MAY,8204,CAPE MAY,NJ,"958,171.00","896,113.00","62,058.00","264,900.00","61,500.00","13,300.00","190,100.00"
13367,13368,4086,NJ-00033,CAPE MAY,8230,CAPE MAY,NJ,"93,582.00",0.00,"93,582.00","127,900.00",0.00,"93,600.00","34,300.00"
13367,13368,4086,NJ-00033,CAPE MAY COURT HOUSE,8210,CAPE MAY,NJ,"142,500.00","142,500.00",0.00,0.00,0.00,0.00,0.00
13367,13368,4086,NJ-00033,CAPE MAY POINT,8212,CAPE MAY,NJ,"21,187.00","21,187.00",0.00,0.00,0.00,0.00,0.00
13367,13368,4086,NJ-00033,CARLSTADT,7072,BERGEN,NJ,"18,816,248.00","2,262,647.00","16,553,601.00","5,916,700.00","503,900.00","4,638,000.00","774,800.00"
13367,13368,4086,NJ-00033,CARLSTADT,7644,BERGEN,NJ,"241,842.00","224,892.00","16,950.00",0.00,0.00,0.00,0.00
13367,13368,4086,NJ-00033,CARTERET,7008,MIDDLESEX,NJ,"213,943.00","180,032.00","33,911.00","14,600.00",0.00,"2,000.00","12,600.00"
13367,13368,4086,NJ-00033,CEDAR RUN,8092,OCEAN,NJ,"58,258.00","17,112.00","41,146.00","18,100.00","17,200.00",900.00,0.00
13367,13368,4086,NJ-00033,CEDARVILLE,8311,CUMBERLAND,NJ,"46,284.00","46,284.00",0.00,0.00,0.00,0.00,0.00
13367,13368,4086,NJ-00033,CHADWICK BEACH,8735,OCEAN,NJ,"45,696.00","42,446.00","3,250.00",0.00,0.00,0.00,0.00
13367,13368,4086,NJ-00033,CHATHAM,7928,BERGEN,NJ,"3,000.00",0.00,"3,000.00","5,000.00",0.00,"3,000.00","2,000.00"
13367,13368,4086,NJ-00033,CHESTER,7930,MORRIS,NJ,"35,398.00","1,198.00","34,200.00","99,600.00",0.00,0.00,"99,600.00"
13367,13368,4086,NJ-00033,CLIFFSIDE PARK,7010,BERGEN,NJ,"65,000.00",0.00,"65,000.00","68,300.00",0.00,"47,800.00","20,500.00"
13367,13368,4086,NJ-00033,CLIFFWOOD,7721,MONMOUTH,NJ,"18,133.00",0.00,"18,133.00",0.00,0.00,0.00,0.00
13367,13368,4086,NJ-00033,CLIFFWOOD BEACH,7735,MONMOUTH,NJ,0.00,0.00,0.00,"19,700.00",0.00,0.00,"19,700.00"
13367,13368,4086,NJ-00033,CLIFTON,7012,PASSAIC,NJ,0.00,0.00,0.00,"24,600.00",0.00,0.00,"24,600.00"
13367,13368,4086,NJ-00033,CLIFTON,7014,PASSAIC,NJ,"207,450.00",0.00,"207,450.00",0.00,0.00,0.00,0.00
13367,13368,4086,NJ-00033,CLINTON,8809,HUNTERDON,NJ,"221,558.00","179,918.00","41,640.00",0.00,0.00,0.00,0.00
13367,13368,4086,NJ-00033,CLOSTER,7624,BERGEN,NJ,"14,119.00","14,119.00",0.00,"11,700.00","11,700.00",0.00,0.00
13367,13368,4086,NJ-00033,COLONIA,7067,MIDDLESEX,NJ,150.00,0.00,150.00,0.00,0.00,0.00,0.00
13367,13368,4086,NJ-00033,COLTS NECK,7722,MONMOUTH,NJ,"20,954.00","20,954.00",0.00,"136,900.00","2,400.00",0.00,"134,500.00"
13367,13368,4086,NJ-00033,CRANFORD,7016,UNION,NJ,"8,000.00",0.00,"8,000.00","29,400.00",0.00,0.00,"29,400.00"
13367,13368,4086,NJ-00033,DEAL,7723,MONMOUTH,NJ,"1,841,103.00","1,841,103.00",0.00,"817,900.00","817,900.00",0.00,0.00
13367,13368,4086,NJ-00033,DEL HAVEN,8251,CAPE MAY,NJ,"39,976.00","39,976.00",0.00,0.00,0.00,0.00,0.00
13367,13368,4086,NJ-00033,DELANCO,8075,BURLINGTON,NJ,"238,688.00","238,688.00",0.00,0.00,0.00,0.00,0.00
13367,13368,4086,NJ-00033,DELAWARE,7833,WARREN,NJ,"19,670.00","12,768.00","6,902.00",0.00,0.00,0.00,0.00
13367,13368,4086,NJ-00033,DOVER TOWNSHIP,8735,OCEAN,NJ,"32,575.00","24,425.00","8,150.00","32,600.00","24,500.00","8,100.00",0.00
13367,13368,4086,NJ-00033,DUMONT,7628,BERGEN,NJ,"98,369.00","23,361.00","75,008.00","59,300.00","23,400.00","35,900.00",0.00
13367,13368,4086,NJ-00033,DUNELLEN,8812,MIDDLESEX,NJ,"121,943.00","82,832.00","39,111.00","34,300.00","34,300.00",0.00,0.00
13367,13368,4086,NJ-00033,EAST BRUNSWICK,8816,MIDDLESEX,NJ,"554,065.00","85,382.00","468,683.00","509,600.00","85,500.00","73,700.00","350,400.00"
13367,13368,4086,NJ-00033,EAST HANOVER,7936,MORRIS,NJ,"19,377.00",0.00,"19,377.00",0.00,0.00,0.00,0.00
13367,13368,4086,NJ-00033,EAST NEWARK,7029,HUDSON,NJ,"27,000.00",0.00,"27,000.00",0.00,0.00,0.00,0.00
13367,13368,4086,NJ-00033,EAST ORANGE,7017,ESSEX,NJ,"212,762.00","208,748.00","4,014.00","12,900.00","12,900.00",0.00,0.00
13367,13368,4086,NJ-00033,EAST ORANGE,7018,ESSEX,NJ,"178,861.00","129,561.00","49,300.00","12,800.00","12,800.00",0.00,0.00
13367,13368,4086,NJ-00033,EAST RUTHERFORD,7070,BERGEN,NJ,0.00,0.00,0.00,"60,400.00",0.00,0.00,"60,400.00"
13367,13368,4086,NJ-00033,EAST RUTHERFORD,7073,BERGEN,NJ,"3,081,149.00","2,604,526.00","476,623.00",0.00,0.00,0.00,0.00
13367,13368,4086,NJ-00033,EAST WINDSOR,8520,MERCER,NJ,"161,402.00","121,402.00","40,000.00","157,400.00","121,500.00",0.00,"35,900.00"
13367,13368,4086,NJ-00033,EATONTOWN,7724,MONMOUTH,NJ,"13,531.00","13,531.00",0.00,"301,400.00","10,900.00",0.00,"290,500.00"
13367,13368,4086,NJ-00033,EDGEWATER,7020,BERGEN,NJ,"481,310.00","397,059.00","84,251.00","665,300.00","327,600.00","63,100.00","274,600.00"
13367,13368,4086,NJ-00033,EDGEWATER,7024,BERGEN,NJ,"22,000.00",0.00,"22,000.00",0.00,0.00,0.00,0.00
13367,13368,4086,NJ-00033,EDISON,8817,HUNTERDON,NJ,"20,000.00",0.00,"20,000.00","7,700.00",0.00,"2,900.00","4,800.00"
13367,13368,4086,NJ-00033,EDISON,8817,MIDDLESEX,NJ,"489,931.00",0.00,"489,931.00","692,800.00",0.00,0.00,"692,800.00"
13367,13368,4086,NJ-00033,EDISON,8820,MIDDLESEX,NJ,"115,361.00",0.00,"115,361.00","125,600.00",0.00,"55,600.00","70,000.00"
13367,13368,4086,NJ-00033,EDISON,8837,MIDDLESEX,NJ,"2,068,966.00","346,230.00","1,722,736.00","715,400.00","88,800.00","593,600.00","33,000.00"
13367,13368,4086,NJ-00033,EGG HARBOR CITY,8215,ATLANTIC,NJ,"52,246.00","50,946.00","1,300.00","60,800.00","35,600.00",800.00,"24,400.00"
13367,13368,4086,NJ-00033,EGG HARBOR TOWNSHIP,8234,ATLANTIC,NJ,"563,668.00","241,335.00","322,333.00","349,900.00","74,500.00","259,200.00","16,200.00"
13367,13368,4086,NJ-00033,EGG HARBOR TWN,8234,ATLANTIC,NJ,"391,040.00","391,040.00",0.00,0.00,0.00,0.00,0.00
13367,13368,4086,NJ-00033,EGG HARBOR TWP,8234,ATLANTIC,NJ,"2,500.00",0.00,"2,500.00",0.00,0.00,0.00,0.00
13367,13368,4086,NJ-00033,ELIZABETH,7026,UNION,NJ,"31,650.00","6,650.00","25,000.00",0.00,0.00,0.00,0.00
13367,13368,4086,NJ-00033,ELIZABETH,7201,UNION,NJ,"244,811.00","17,177.00","227,634.00","8,000.00",0.00,"3,000.00","5,000.00"
13367,13368,4086,NJ-00033,ELIZABETH,7202,UNION,NJ,"6,118,743.00","3,848,824.00","2,269,919.00","2,000,000.00","2,000,000.00",0.00,0.00
13367,13368,4086,NJ-00033,ELIZABETH,7206,UNION,NJ,"7,906,500.00","1,059,703.00","6,846,797.00","3,755,100.00","167,300.00","3,272,000.00","315,800.00"
13367,13368,4086,NJ-00033,ELIZABETH,7208,UNION,NJ,"52,945.00","51,145.00","1,800.00","47,900.00","46,200.00",0.00,"1,700.00"
13367,13368,4086,NJ-00033,ELMWOOD PARK,7407,BERGEN,NJ,"44,068.00","39,568.00","4,500.00","73,300.00","39,600.00","4,500.00","29,200.00"
13367,13368,4086,NJ-00033,ENGLEWOOD,7631,BERGEN,NJ,"111,209.00","45,209.00","66,000.00",0.00,0.00,0.00,0.00
13367,13368,4086,NJ-00033,ENGLEWOOD CLIFFS,7632,BERGEN,NJ,"136,897.00","101,897.00","35,000.00",0.00,0.00,0.00,0.00
13367,13368,4086,NJ-00033,ENGLISHTOWN,7726,MONMOUTH,NJ,"3,000.00",0.00,"3,000.00",0.00,0.00,0.00,0.00
13367,13368,4086,NJ-00033,EWING,8618,MERCER,NJ,"11,594.00",0.00,"11,594.00",0.00,0.00,0.00,0.00
13367,13368,4086,NJ-00033,EWING,8638,MERCER,NJ,"340,635.00","340,635.00",0.00,0.00,0.00,0.00,0.00
13367,13368,4086,NJ-00033,FAIR HAVEN,7704,MONMOUTH,NJ,"19,120.00",0.00,"19,120.00","32,700.00",0.00,0.00,"32,700.00"
13367,13368,4086,NJ-00033,FAIR LAWN,7410,BERGEN,NJ,"58,556.00","15,348.00","43,208.00","7,900.00",0.00,"7,900.00",0.00
13367,13368,4086,NJ-00033,FAIRFIELD,7004,ESSEX,NJ,"179,879.00","56,627.00","123,252.00","394,500.00","53,900.00","68,400.00","272,200.00"
13367,13368,4086,NJ-00033,FAIRVIEW,7020,BERGEN,NJ,"5,436.00",936.00,"4,500.00",0.00,0.00,0.00,0.00
13367,13368,4086,NJ-00033,FAIRVIEW,7022,BERGEN,NJ,"8,481.00","8,481.00",0.00,"4,100.00","4,100.00",0.00,0.00
13367,13368,4086,NJ-00033,FANWOOD,7023,UNION,NJ,"2,832.00","2,832.00",0.00,"16,300.00",0.00,0.00,"16,300.00"
13367,13368,4086,NJ-00033,FARMINGDALE,7727,MONMOUTH,NJ,"179,392.00","164,295.00","15,097.00","130,600.00",0.00,"13,100.00","117,500.00"
13367,13368,4086,NJ-00033,FARMINGDALE,7737,MONMOUTH,NJ,"17,608.00",758.00,"16,850.00",0.00,0.00,0.00,0.00
13367,13368,4086,NJ-00033,FLANDERS,7836,MORRIS,NJ,"109,326.00","109,326.00",0.00,"239,600.00","138,100.00",0.00,"101,500.00"
13367,13368,4086,NJ-00033,FLEMINGTON,8822,HUNTERDON,NJ,"380,742.00","361,663.00","19,079.00","126,100.00","71,800.00",0.00,"54,300.00"
13367,13368,4086,NJ-00033,FORDS,8863,MIDDLESEX,NJ,"30,140.00","30,140.00",0.00,0.00,0.00,0.00,0.00
13367,13368,4086,NJ-00033,FORKED RIVER,8731,OCEAN,NJ,"2,058,852.00","1,652,406.00","406,446.00","347,800.00","24,000.00","39,100.00","284,700.00"
13367,13368,4086,NJ-00033,FORT LEE,7024,BERGEN,NJ,"56,400.00",0.00,"56,400.00","67,500.00",0.00,0.00,"67,500.00"
13367,13368,4086,NJ-00033,FORT LEE,7024,HUDSON,NJ,"9,200.00",0.00,"9,200.00","14,200.00",0.00,"9,200.00","5,000.00"
13367,13368,4086,NJ-00033,FORTESCUE,8321,CUMBERLAND,NJ,"1,395,960.00","1,332,075.00","63,885.00","1,046,700.00","1,000,600.00","46,100.00",0.00
13367,13368,4086,NJ-00033,FREEHOLD,7728,MONMOUTH,NJ,"90,165.00","28,420.00","61,745.00","229,600.00",0.00,"4,000.00","225,600.00"
13367,13368,4086,NJ-00033,GALLOWAY,8205,ATLANTIC,NJ,0.00,0.00,0.00,"14,400.00",0.00,0.00,"14,400.00"
13367,13368,4086,NJ-00033,GALLOWAY TOWNSHIP,8205,ATLANTIC,NJ,"74,314.00","74,314.00",0.00,0.00,0.00,0.00,0.00
13367,13368,4086,NJ-00033,GARFIELD,7026,BERGEN,NJ,"93,463.00","39,721.00","53,742.00","64,500.00","39,700.00","2,300.00","22,500.00"
13367,13368,4086,NJ-00033,GLEN RIDGE,7028,ESSEX,NJ,980.00,0.00,980.00,0.00,0.00,0.00,0.00
13367,13368,4086,NJ-00033,GLEN ROCK,7452,BERGEN,NJ,"2,283.00",33.00,"2,250.00",0.00,0.00,0.00,0.00
13367,13368,4086,NJ-00033,GREEEN BROOK,8812,SOMERSET,NJ,0.00,0.00,0.00,"43,700.00",0.00,0.00,"43,700.00"
13367,13368,4086,NJ-00033,GREEN BANK,8215,BURLINGTON,NJ,"24,253.00","24,253.00",0.00,0.00,0.00,0.00,0.00
13367,13368,4086,NJ-00033,GREENBROOK,8812,SOMERSET,NJ,"5,000.00",0.00,"5,000.00",0.00,0.00,0.00,0.00
13367,13368,4086,NJ-00033,GREENWICH,8323,CUMBERLAND,NJ,"1,167,601.00","898,526.00","269,075.00",0.00,0.00,0.00,0.00
13367,13368,4086,NJ-00033,HACKENSACK,7020,BERGEN,NJ,"11,813.00",333.00,"11,480.00","5,000.00",300.00,"4,700.00",0.00
13367,13368,4086,NJ-00033,HACKENSACK,7601,BERGEN,NJ,"3,535,938.00","2,148,540.00","1,387,398.00","2,261,400.00","656,700.00","900,900.00","703,800.00"
13367,13368,4086,NJ-00033,HACKETTSTOWN,7840,MORRIS,NJ,0.00,0.00,0.00,"10,800.00",0.00,0.00,"10,800.00"
13367,13368,4086,NJ-00033,HAMBURG,7419,SUSSEX,NJ,0.00,0.00,0.00,"13,100.00",0.00,0.00,"13,100.00"
13367,13368,4086,NJ-00033,HAMILTON,8610,MERCER,NJ,"13,253.00","13,253.00",0.00,"13,300.00","13,300.00",0.00,0.00
13367,13368,4086,NJ-00033,HAMILTON SQUARE,8690,MERCER,NJ,"5,583.00","5,583.00",0.00,0.00,0.00,0.00,0.00
13367,13368,4086,NJ-00033,HAMMONTON,8037,ATLANTIC,NJ,"75,128.00","73,128.00","2,000.00",0.00,0.00,0.00,0.00
13367,13368,4086,NJ-00033,HARRINGTON PARK,7640,BERGEN,NJ,"5,271.00",0.00,"5,271.00",0.00,0.00,0.00,0.00
13367,13368,4086,NJ-00033,HARRISON,7029,HUDSON,NJ,"3,574,956.00","1,020,921.00","2,554,035.00","1,410,700.00","686,200.00","635,700.00","88,800.00"
13367,13368,4086,NJ-00033,HARVEY CEDARS,8008,OCEAN,NJ,"364,686.00","297,577.00","67,109.00","104,900.00","74,200.00","10,500.00","20,200.00"
13367,13368,4086,NJ-00033,HARVEY CEDARS,8008,PASSAIC,NJ,"13,092.00","9,842.00","3,250.00","17,700.00","9,900.00","3,200.00","4,600.00"
13367,13368,4086,NJ-00033,HASBROUCK HEIGHTS,7604,BERGEN,NJ,"19,844.00","19,844.00",0.00,"79,400.00","19,900.00",0.00,"59,500.00"
13367,13368,4086,NJ-00033,HAVEN BEACH,8008,OCEAN,NJ,"92,253.00","36,570.00","55,683.00","55,200.00","20,000.00","23,400.00","11,800.00"
13367,13368,4086,NJ-00033,HAWTHORNE,7506,PASSAIC,NJ,"792,436.00","792,436.00",0.00,"792,400.00","792,400.00",0.00,0.00
13367,13368,4086,NJ-00033,HAZLET,7730,MONMOUTH,NJ,"333,415.00","202,831.00","130,584.00","148,400.00",0.00,"8,000.00","140,400.00"
13367,13368,4086,NJ-00033,HEISLERVILLE,8324,CUMBERLAND,NJ,"246,397.00","75,895.00","170,502.00","28,500.00",0.00,"22,000.00","6,500.00"
13367,13368,4086,NJ-00033,HEWITT,7421,PASSAIC,NJ,"23,397.00","19,897.00","3,500.00",0.00,0.00,0.00,0.00
13367,13368,4086,NJ-00033,HIGHLAND,7732,MONMOUTH,NJ,"104,326.00","97,626.00","6,700.00","7,800.00",0.00,0.00,"7,800.00"
13367,13368,4086,NJ-00033,HIGHLAND PARK,8402,ATLANTIC,NJ,"45,094.00",0.00,"45,094.00","45,100.00",0.00,"45,100.00",0.00
13367,13368,4086,NJ-00033,HIGHLAND PARK,8904,MIDDLESEX,NJ,"8,169.00","8,169.00",0.00,"8,200.00","8,200.00",0.00,0.00
13367,13368,4086,NJ-00033,HIGHLANDS,7732,MONMOUTH,NJ,"16,836,511.00","14,536,183.00","2,300,328.00","1,815,900.00","1,311,000.00","351,000.00","153,900.00"
13367,13368,4086,NJ-00033,HIGHLANDS,7740,MONMOUTH,NJ,"14,195.00",0.00,"14,195.00",0.00,0.00,0.00,0.00
13367,13368,4086,NJ-00033,HIGHLANDS,7748,MONMOUTH,NJ,"14,992.00","12,892.00","2,100.00",0.00,0.00,0.00,0.00
13367,13368,4086,NJ-00033,HIGHLANDS,8854,MONMOUTH,NJ,"50,694.00","48,294.00","2,400.00",0.00,0.00,0.00,0.00
13367,13368,4086,NJ-00033,HIGHS BEACH,8210,CAPE MAY,NJ,"109,744.00","108,094.00","1,650.00","90,300.00","88,700.00","1,600.00",0.00
13367,13368,4086,NJ-00033,HIGHTSTOWN,8520,MERCER,NJ,"14,556.00",140.00,"14,416.00",0.00,0.00,0.00,0.00
13367,13368,4086,NJ-00033,HILLSIDE,7025,UNION,NJ,"164,096.00","159,096.00","5,000.00",0.00,0.00,0.00,0.00
13367,13368,4086,NJ-00033,HILLSIDE,7205,UNION,NJ,"99,258.00","46,292.00","52,966.00","18,000.00","18,000.00",0.00,0.00
13367,13368,4086,NJ-00033,HOBOKEN,7030,HUDSON,NJ,"9,834,150.00","4,889,890.00","4,944,260.00","5,663,600.00","2,459,900.00","2,206,300.00","997,400.00"
13367,13368,4086,NJ-00033,HOBOKEN,7430,HUDSON,NJ,"12,033.00","12,033.00",0.00,0.00,0.00,0.00,0.00
13367,13368,4086,NJ-00033,HOLGATE,8008,MORRIS,NJ,"9,044.00","6,394.00","2,650.00",0.00,0.00,0.00,0.00
13367,13368,4086,NJ-00033,HOLGATE,7088,OCEAN,NJ,"91,026.00","86,826.00","4,200.00",0.00,0.00,0.00,0.00
13367,13368,4086,NJ-00033,HOLGATE,8008,OCEAN,NJ,"239,568.00","203,817.00","35,751.00","58,600.00","46,800.00","11,800.00",0.00
13367,13368,4086,NJ-00033,HOLMDEL,7733,MONMOUTH,NJ,"210,396.00","99,025.00","111,371.00","1,700.00",0.00,"1,700.00",0.00
13367,13368,4086,NJ-00033,HOPATCONG,7843,SUSSEX,NJ,"5,541.00",0.00,"5,541.00",0.00,0.00,0.00,0.00
13367,13368,4086,NJ-00033,HOWELL,7727,MONMOUTH,NJ,"17,709.00","17,709.00",0.00,0.00,0.00,0.00,0.00
13367,13368,4086,NJ-00033,HOWELL,7731,MONMOUTH,NJ,"238,912.00","153,689.00","85,223.00","243,900.00","108,900.00","29,200.00","105,800.00"
13367,13368,4086,NJ-00033,INTERLAKEN,7712,MONMOUTH,NJ,"102,914.00","102,914.00",0.00,0.00,0.00,0.00,0.00
13367,13368,4086,NJ-00033,IRVINGTON,7111,ESSEX,NJ,"236,780.00","194,843.00","41,937.00","73,100.00","25,800.00","7,000.00","40,300.00"
13367,13368,4086,NJ-00033,ISELIN,8830,MIDDLESEX,NJ,"58,503.00","3,990.00","54,513.00","46,100.00",0.00,0.00,"46,100.00"
13367,13368,4086,NJ-00033,ISLAND HEIGHTS,8732,OCEAN,NJ,"85,732.00","82,632.00","3,100.00",0.00,0.00,0.00,0.00
13367,13368,4086,NJ-00033,"ISLAND HEIGHTS,",8732,OCEAN,NJ,"11,542.00","11,542.00",0.00,0.00,0.00,0.00,0.00
13367,13368,4086,NJ-00033,ISLANDS,7732,MONMOUTH,NJ,"361,093.00",0.00,"361,093.00",0.00,0.00,0.00,0.00
13367,13368,4086,NJ-00033,JACKSON,8527,MONMOUTH,NJ,"368,903.00","154,988.00","213,915.00",0.00,0.00,0.00,0.00
13367,13368,4086,NJ-00033,JAMESBURG,8831,MIDDLESEX,NJ,"112,273.00","100,773.00","11,500.00","53,600.00","37,100.00","11,500.00","5,000.00"
13367,13368,4086,NJ-00033,JERSEY,7305,HUDSON,NJ,"53,414.00","50,814.00","2,600.00",0.00,0.00,0.00,0.00
13367,13368,4086,NJ-00033,JERSEY CITY,7302,BERGEN,NJ,"49,496.00","13,446.00","36,050.00",0.00,0.00,0.00,0.00
13367,13368,4086,NJ-00033,JERSEY CITY,7030,HUDSON,NJ,"4,000.00",0.00,"4,000.00",0.00,0.00,0.00,0.00
13367,13368,4086,NJ-00033,JERSEY CITY,7302,HUDSON,NJ,"6,852,514.00","4,480,848.00","2,371,666.00","2,698,300.00","1,426,600.00","971,300.00","300,400.00"
13367,13368,4086,NJ-00033,JERSEY CITY,7304,HUDSON,NJ,"2,058,318.00","821,634.00","1,236,684.00","1,014,200.00","199,100.00","68,500.00","746,600.00"
13367,13368,4086,NJ-00033,JERSEY CITY,7305,HUDSON,NJ,"6,811,830.00","4,801,255.00","2,010,575.00","2,908,000.00","2,393,300.00","161,200.00","353,500.00"
13367,13368,4086,NJ-00033,JERSEY CITY,7306,HUDSON,NJ,"1,050,084.00","198,136.00","851,948.00","654,800.00","40,600.00","452,100.00","162,100.00"
13367,13368,4086,NJ-00033,JERSEY CITY,7307,HUDSON,NJ,"54,478.00","28,548.00","25,930.00",0.00,0.00,0.00,0.00
13367,13368,4086,NJ-00033,JERSEY CITY,7310,HUDSON,NJ,"1,367,520.00","758,882.00","608,638.00","462,300.00","67,900.00","231,700.00","162,700.00"
13367,13368,4086,NJ-00033,JERSEY CITY,7320,HUDSON,NJ,"1,310,368.00","267,144.00","1,043,224.00",0.00,0.00,0.00,0.00
13367,13368,4086,NJ-00033,KEANRY,7032,HUDSON,NJ,"12,500.00",0.00,"12,500.00",0.00,0.00,0.00,0.00
13367,13368,4086,NJ-00033,KEANSBURG,7722,MONMOUTH,NJ,"70,635.00","67,135.00","3,500.00",0.00,0.00,0.00,0.00
13367,13368,4086,NJ-00033,KEANSBURG,7734,MONMOUTH,NJ,"10,232,171.00","7,944,157.00","2,288,014.00","1,920,100.00","1,221,900.00","603,600.00","94,600.00"
13367,13368,4086,NJ-00033,KEANSBURG,7748,MONMOUTH,NJ,"123,044.00","106,322.00","16,722.00",0.00,0.00,0.00,0.00
13367,13368,4086,NJ-00033,KEANSBURG,7764,MONMOUTH,NJ,"30,518.00","30,518.00",0.00,"12,100.00","7,600.00",0.00,"4,500.00"
13367,13368,4086,NJ-00033,KEANSBURG,7734,MORRIS,NJ,"265,719.00","263,419.00","2,300.00","183,800.00","183,800.00",0.00,0.00
13367,13368,4086,NJ-00033,KEARNEY,7032,HUDSON,NJ,"62,500.00",0.00,"62,500.00",0.00,0.00,0.00,0.00
13367,13368,4086,NJ-00033,KEARNY,7032,BERGEN,NJ,"52,995.00",0.00,"52,995.00",0.00,0.00,0.00,0.00
13367,13368,4086,NJ-00033,KEARNY,7032,HUDSON,NJ,"11,134,396.00","1,807,165.00","9,327,231.00","4,825,000.00","244,300.00","4,118,300.00","462,400.00"
13367,13368,4086,NJ-00033,KEARY,7040,HUDSON,NJ,"18,000.00",0.00,"18,000.00","13,700.00",0.00,"8,700.00","5,000.00"
13367,13368,4086,NJ-00033,KENDALL PARK,8824,MIDDLESEX,NJ,"37,251.00","37,251.00",0.00,"34,200.00","34,200.00",0.00,0.00
13367,13368,4086,NJ-00033,KENILWORTH,7033,UNION,NJ,"7,000.00",0.00,"7,000.00","182,600.00",0.00,400.00,"182,200.00"
13367,13368,4086,NJ-00033,KENILWORTH,7740,UNION,NJ,0.00,0.00,0.00,"80,100.00",0.00,0.00,"80,100.00"
13367,13368,4086,NJ-00033,KERNY,7032,HUDSON,NJ,"5,000.00",0.00,"5,000.00",0.00,0.00,0.00,0.00
13367,13368,4086,NJ-00033,KEYPORT,7735,MIDDLESEX,NJ,"132,931.00","97,603.00","35,328.00",0.00,0.00,0.00,0.00
13367,13368,4086,NJ-00033,KEYPORT,7023,MONMOUTH,NJ,"31,472.00","30,872.00",600.00,0.00,0.00,0.00,0.00
13367,13368,4086,NJ-00033,KEYPORT,7728,MONMOUTH,NJ,"1,249,523.00","1,195,523.00","54,000.00","749,600.00","695,600.00","54,000.00",0.00
13367,13368,4086,NJ-00033,KEYPORT,7735,MONMOUTH,NJ,"8,416,370.00","6,776,889.00","1,639,481.00","1,492,300.00","1,338,100.00","122,300.00","31,900.00"
13367,13368,4086,NJ-00033,LAKE COMO,7719,MONMOUTH,NJ,"275,376.00","263,576.00","11,800.00","86,000.00","80,600.00","5,400.00",0.00
13367,13368,4086,NJ-00033,LAKEWOOD,8701,OCEAN,NJ,"1,141,980.00","280,485.00","861,495.00","444,200.00","14,000.00","44,800.00","385,400.00"
13367,13368,4086,NJ-00033,LAMBERTVILLE,8530,HUNTERDON,NJ,"20,320.00","20,320.00",0.00,"20,400.00","20,400.00",0.00,0.00
13367,13368,4086,NJ-00033,LANDING,7850,MORRIS,NJ,"42,994.00","38,594.00","4,400.00","29,500.00",0.00,0.00,"29,500.00"
13367,13368,4086,NJ-00033,LANOKA HARBOR,8734,OCEAN,NJ,"133,078.00","114,867.00","18,211.00","100,600.00","77,800.00","13,800.00","9,000.00"
13367,13368,4086,NJ-00033,LAURENCE HARBOR,8879,MIDDLESEX,NJ,"809,508.00","404,647.00","404,861.00","464,700.00","15,900.00","373,800.00","75,000.00"
13367,13368,4086,NJ-00033,LAVALETTE,8735,OCEAN,NJ,"205,730.00","170,475.00","35,255.00",0.00,0.00,0.00,0.00
13367,13368,4086,NJ-00033,LAVALETTE,8753,OCEAN,NJ,"29,335.00","22,585.00","6,750.00","10,400.00","3,600.00","6,800.00",0.00
13367,13368,4086,NJ-00033,LAVALETTEE,8735,OCEAN,NJ,"97,138.00","58,338.00","38,800.00",0.00,0.00,0.00,0.00
13367,13368,4086,NJ-00033,LAVALLETTE,8735,ESSEX,NJ,"39,320.00","34,695.00","4,625.00",0.00,0.00,0.00,0.00
13367,13368,4086,NJ-00033,LAVALLETTE,7052,OCEAN,NJ,"37,827.00","35,427.00","2,400.00",0.00,0.00,0.00,0.00
13367,13368,4086,NJ-00033,LAVALLETTE,7092,OCEAN,NJ,"147,925.00","125,840.00","22,085.00",0.00,0.00,0.00,0.00
13367,13368,4086,NJ-00033,LAVALLETTE,8088,OCEAN,NJ,"128,750.00","98,250.00","30,500.00",0.00,0.00,0.00,0.00
13367,13368,4086,NJ-00033,LAVALLETTE,8735,OCEAN,NJ,"18,252,992.00","13,898,602.00","4,354,390.00","8,475,500.00","5,545,800.00","1,964,700.00","965,000.00"
13367,13368,4086,NJ-00033,LAVALLETTE,8753,OCEAN,NJ,"66,187.00","38,702.00","27,485.00",0.00,0.00,0.00,0.00
13367,13368,4086,NJ-00033,LAVALLETTE,8735,PASSAIC,NJ,"84,810.00","78,060.00","6,750.00","38,100.00","31,300.00","6,800.00",0.00
13367,13368,4086,NJ-00033,LAVALLETTTE,8735,OCEAN,NJ,"29,790.00","23,440.00","6,350.00",0.00,0.00,0.00,0.00
13367,13368,4086,NJ-00033,LAWNSIDE,8045,CAMDEN,NJ,"32,000.00",0.00,"32,000.00",0.00,0.00,0.00,0.00
13367,13368,4086,NJ-00033,LAWRENCEVILLE,8648,MERCER,NJ,"18,795.00","1,895.00","16,900.00",0.00,0.00,0.00,0.00
13367,13368,4086,NJ-00033,LAWRENCEVILLE,8648,OCEAN,NJ,"70,181.00","56,481.00","13,700.00",0.00,0.00,0.00,0.00
13367,13368,4086,NJ-00033,LEH,7032,OCEAN,NJ,"112,896.00","90,421.00","22,475.00",0.00,0.00,0.00,0.00
13367,13368,4086,NJ-00033,LEH,8087,OCEAN,NJ,"144,148.00","135,558.00","8,590.00","2,000.00",0.00,"2,000.00",0.00
13367,13368,4086,NJ-00033,LEHT,8087,OCEAN,NJ,"25,439.00","21,239.00","4,200.00",0.00,0.00,0.00,0.00
13367,13368,4086,NJ-00033,LEONARDO,7737,MONMOUTH,NJ,"606,281.00","365,809.00","240,472.00","77,000.00",0.00,"46,500.00","30,500.00"
13367,13368,4086,NJ-00033,LINCOLN PARK,7035,MORRIS,NJ,0.00,0.00,0.00,"21,000.00",0.00,0.00,"21,000.00"
13367,13368,4086,NJ-00033,LINCROFT,7738,MONMOUTH,NJ,0.00,0.00,0.00,"124,400.00",0.00,0.00,"124,400.00"
13367,13368,4086,NJ-00033,LINDEN,7036,MIDDLESEX,NJ,"162,759.00","8,884.00","153,875.00","133,200.00",0.00,"133,200.00",0.00
13367,13368,4086,NJ-00033,LINDEN,7036,UNION,NJ,"941,007.00","272,321.00","668,686.00","15,200.00",0.00,"5,500.00","9,700.00"
13367,13368,4086,NJ-00033,LINDEN,7306,UNION,NJ,"13,000.00",0.00,"13,000.00","21,600.00",0.00,"9,900.00","11,700.00"
13367,13368,4086,NJ-00033,LINWOOD,8221,ATLANTIC,NJ,0.00,0.00,0.00,"34,700.00",0.00,0.00,"34,700.00"
13367,13368,4086,NJ-00033,LITTLE EGG HABOUR,8008,OCEAN,NJ,"14,231.00","14,231.00",0.00,0.00,0.00,0.00,0.00
13367,13368,4086,NJ-00033,LITTLE EGG HARBOR,8087,OCEAN,NJ,"4,381,131.00","3,751,992.00","629,139.00","1,549,000.00","1,365,300.00","161,100.00","22,600.00"
13367,13368,4086,NJ-00033,LITTLE EGG HARBOR TOWNSHIP,8087,OCEAN,NJ,"52,286.00","49,186.00","3,100.00","29,500.00","24,200.00","3,100.00","2,200.00"
13367,13368,4086,NJ-00033,LITTLE EGG HARBOR TWP,8087,OCEAN,NJ,"2,447,489.00","2,117,458.00","330,031.00","1,242,500.00","988,600.00","176,700.00","77,200.00"
13367,13368,4086,NJ-00033,LITTLE FALLS,7424,PASSAIC,NJ,"31,515.00",0.00,"31,515.00","18,600.00",0.00,"18,600.00",0.00
13367,13368,4086,NJ-00033,LITTLE FERRY,7643,BERGEN,NJ,"6,798,366.00","2,690,309.00","4,108,057.00","3,323,900.00","960,300.00","1,895,900.00","467,700.00"
13367,13368,4086,NJ-00033,LITTLE SILVER,7739,MONMOUTH,NJ,"544,195.00","421,344.00","122,851.00","22,500.00",0.00,700.00,"21,800.00"
13367,13368,4086,NJ-00033,LIVINGSTON,7039,ESSEX,NJ,"40,223.00","3,193.00","37,030.00","194,700.00",200.00,"19,800.00","174,700.00"
13367,13368,4086,NJ-00033,LODI,7644,BERGEN,NJ,"11,181.00","11,181.00",0.00,0.00,0.00,0.00,0.00
13367,13368,4086,NJ-00033,LONG BCH TWP,8008,OCEAN,NJ,"337,054.00","267,404.00","69,650.00","15,500.00","15,500.00",0.00,0.00
13367,13368,4086,NJ-00033,LONG BEACH,8008,OCEAN,NJ,"118,061.00","102,761.00","15,300.00","19,700.00","19,700.00",0.00,0.00
13367,13368,4086,NJ-00033,LONG BEACH TOWNSHIP,7066,OCEAN,NJ,"98,988.00","82,628.00","16,360.00",0.00,0.00,0.00,0.00
13367,13368,4086,NJ-00033,LONG BEACH TOWNSHIP,7407,OCEAN,NJ,"30,098.00","25,598.00","4,500.00","14,000.00","9,500.00","4,500.00",0.00
13367,13368,4086,NJ-00033,LONG BEACH TOWNSHIP,8008,OCEAN,NJ,"5,838,193.00","4,737,389.00","1,100,804.00","1,774,500.00","1,105,800.00","484,700.00","184,000.00"
13367,13368,4086,NJ-00033,LONG BEACH TOWNSHIP,8724,OCEAN,NJ,"37,081.00","35,081.00","2,000.00",0.00,0.00,0.00,0.00
13367,13368,4086,NJ-00033,LONG BEACH TOWNSHIP HOLGATE,8008,OCEAN,NJ,"112,098.00","105,698.00","6,400.00",0.00,0.00,0.00,0.00
13367,13368,4086,NJ-00033,LONG BEACH TWP,8008,OCEAN,NJ,"414,951.00","341,424.00","73,527.00","67,400.00","45,500.00","21,900.00",0.00
13367,13368,4086,NJ-00033,LONG BEACH TWP.,8008,OCEAN,NJ,"136,208.00","97,158.00","39,050.00",0.00,0.00,0.00,0.00
13367,13368,4086,NJ-00033,LONG BRANCH,7740,MONMOUTH,NJ,"8,662,949.00","7,397,999.00","1,264,950.00","4,063,500.00","3,102,400.00","557,100.00","404,000.00"
13367,13368,4086,NJ-00033,LONG BRANCH,7774,MONMOUTH,NJ,"54,352.00","51,102.00","3,250.00",0.00,0.00,0.00,0.00
13367,13368,4086,NJ-00033,LONGPORT,8403,ATLANTIC,NJ,"7,345,697.00","7,219,994.00","125,703.00","3,912,800.00","3,778,900.00","98,700.00","35,200.00"
13367,13368,4086,NJ-00033,LYNDHURST,7071,BERGEN,NJ,"1,109,963.00","570,468.00","539,495.00","522,800.00","318,200.00","126,700.00","77,900.00"
13367,13368,4086,NJ-00033,MAAHAWKIN,8050,OCEAN,NJ,"91,216.00","74,386.00","16,830.00",0.00,0.00,0.00,0.00
13367,13368,4086,NJ-00033,MANAHAKIN,8050,OCEAN,NJ,"140,835.00","137,235.00","3,600.00",0.00,0.00,0.00,0.00
13367,13368,4086,NJ-00033,MANAHAWKIN,7642,BERGEN,NJ,"99,512.00","96,487.00","3,025.00","79,300.00","76,300.00","3,000.00",0.00
13367,13368,4086,NJ-00033,MANAHAWKIN,8005,OCEAN,NJ,"170,855.00","168,655.00","2,200.00",0.00,0.00,0.00,0.00
13367,13368,4086,NJ-00033,MANAHAWKIN,8050,OCEAN,NJ,"7,946,577.00","6,421,307.00","1,525,270.00","3,656,800.00","2,403,400.00","881,600.00","371,800.00"
13367,13368,4086,NJ-00033,MANAHAWKIN,8060,OCEAN,NJ,"83,123.00","70,978.00","12,145.00",0.00,0.00,0.00,0.00
13367,13368,4086,NJ-00033,MANALAPAN,7726,MONMOUTH,NJ,"224,464.00","25,470.00","198,994.00","165,500.00","18,900.00","47,100.00","99,500.00"
13367,13368,4086,NJ-00033,MANASQUAN,8730,MONMOUTH,NJ,"61,916.00","6,650.00","55,266.00","55,300.00",0.00,"55,300.00",0.00
13367,13368,4086,NJ-00033,MANASQUAN,8735,MONMOUTH,NJ,"46,748.00","37,687.00","9,061.00",0.00,0.00,0.00,0.00
13367,13368,4086,NJ-00033,MANASQUAN,8736,MONMOUTH,NJ,"8,862,192.00","6,658,514.00","2,203,678.00","3,131,800.00","2,447,000.00","486,500.00","198,300.00"
13367,13368,4086,NJ-00033,"MANASQUAN,",8736,MONMOUTH,NJ,"82,685.00","74,985.00","7,700.00",0.00,0.00,0.00,0.00
13367,13368,4086,NJ-00033,MANHATTAN,10001,NEW YORK,NY,0.00,0.00,0.00,"13,100.00",0.00,0.00,"13,100.00"
13367,13368,4086,NJ-00033,MANTOLOKING,8738,OCEAN,NJ,"7,979,551.00","6,379,839.00","1,599,712.00","1,630,200.00","1,387,100.00","201,800.00","41,300.00"
13367,13368,4086,NJ-00033,MANTOLOKING,8844,OCEAN,NJ,"225,236.00","201,186.00","24,050.00",0.00,0.00,0.00,0.00
13367,13368,4086,NJ-00033,MAPLE SHADE,8052,BURLINGTON,NJ,"99,517.00","97,317.00","2,200.00",0.00,0.00,0.00,0.00
13367,13368,4086,NJ-00033,MAPLEWOOD,7040,ESSEX,NJ,0.00,0.00,0.00,"232,000.00",0.00,0.00,"232,000.00"
13367,13368,4086,NJ-00033,MARGATE,8402,ATLANTIC,NJ,"4,045,084.00","2,931,793.00","1,113,291.00","1,393,100.00","714,000.00","606,300.00","72,800.00"
13367,13368,4086,NJ-00033,MARGATE,8406,ATLANTIC,NJ,"221,413.00","50,309.00","171,104.00","208,200.00","47,900.00","160,300.00",0.00
13367,13368,4086,NJ-00033,MARGATE,9402,ATLANTIC,NJ,"2,850.00",0.00,"2,850.00",0.00,0.00,0.00,0.00
13367,13368,4086,NJ-00033,MARGATE CITY,8402,ATLANTIC,NJ,"2,741,799.00","2,367,927.00","373,872.00","742,600.00","482,800.00","132,800.00","127,000.00"
13367,13368,4086,NJ-00033,MARMORA,8223,CAPE MAY,NJ,"1,235,730.00","940,561.00","295,169.00","743,800.00","528,500.00","203,000.00","12,300.00"
13367,13368,4086,NJ-00033,MARTINSVILLE,8836,SOMERSET,NJ,0.00,0.00,0.00,"5,000.00",0.00,0.00,"5,000.00"
13367,13368,4086,NJ-00033,MATAWAN,7747,MIDDLESEX,NJ,"5,000.00",0.00,"5,000.00",0.00,0.00,0.00,0.00
13367,13368,4086,NJ-00033,MATAWAN,7747,MONMOUTH,NJ,"41,576.00","41,576.00",0.00,0.00,0.00,0.00,0.00
13367,13368,4086,NJ-00033,MAYS LANDING,8330,ATLANTIC,NJ,"152,868.00","77,620.00","75,248.00","62,600.00","30,600.00","2,500.00","29,500.00"
13367,13368,4086,NJ-00033,MAYWOOD,7607,BERGEN,NJ,"14,950.00",0.00,"14,950.00","22,000.00",0.00,"12,600.00","9,400.00"
13367,13368,4086,NJ-00033,MCKEE CITY,8232,ATLANTIC,NJ,"122,967.00",0.00,"122,967.00",0.00,0.00,0.00,0.00
13367,13368,4086,NJ-00033,MENDHAM,7945,MORRIS,NJ,"2,025.00",0.00,"2,025.00","5,100.00",0.00,"2,100.00","3,000.00"
13367,13368,4086,NJ-00033,METUCHEN,8840,MIDDLESEX,NJ,"18,517.00",0.00,"18,517.00","44,100.00",0.00,0.00,"44,100.00"
13367,13368,4086,NJ-00033,MIDDLE TOWNSHIP,8210,CAPE MAY,NJ,"76,461.00","73,511.00","2,950.00",0.00,0.00,0.00,0.00
13367,13368,4086,NJ-00033,MIDDLESEX,8846,MIDDLESEX,NJ,"14,500.00",0.00,"14,500.00","32,400.00",0.00,0.00,"32,400.00"
13367,13368,4086,NJ-00033,MIDDLETOWN,7748,MONMOUTH,NJ,"209,625.00","198,353.00","11,272.00","41,400.00","36,400.00",0.00,"5,000.00"
13367,13368,4086,NJ-00033,MIDLAND PARK,7432,BERGEN,NJ,"124,099.00","49,649.00","74,450.00",0.00,0.00,0.00,0.00
13367,13368,4086,NJ-00033,MIDLDLETOWN,7748,MONMOUTH,NJ,"103,994.00","43,403.00","60,591.00",0.00,0.00,0.00,0.00
13367,13368,4086,NJ-00033,MILLBURN,7041,ESSEX,NJ,"12,792.00","3,392.00","9,400.00","13,500.00",0.00,0.00,"13,500.00"
13367,13368,4086,NJ-00033,MILLINGTON,7946,SOMERSET,NJ,"279,827.00","42,374.00","237,453.00",0.00,0.00,0.00,0.00
13367,13368,4086,NJ-00033,MONEY ISLAND,8345,CUMBERLAND,NJ,"57,440.00","45,071.00","12,369.00",0.00,0.00,0.00,0.00
13367,13368,4086,NJ-00033,MONMOUTH BEACH,7740,MONMOUTH,NJ,"58,700.00","57,100.00","1,600.00",0.00,0.00,0.00,0.00
13367,13368,4086,NJ-00033,MONMOUTH BEACH,7750,MONMOUTH,NJ,"9,990,590.00","8,329,058.00","1,661,532.00","618,600.00","461,800.00","137,600.00","19,200.00"
13367,13368,4086,NJ-00033,MONMUTH BEACH,7750,MONMOUTH,NJ,"64,601.00","61,301.00","3,300.00","74,300.00","61,400.00","3,300.00","9,600.00"
13367,13368,4086,NJ-00033,MONROE,8831,MIDDLESEX,NJ,"247,825.00","234,175.00","13,650.00","4,200.00",0.00,0.00,"4,200.00"
13367,13368,4086,NJ-00033,MONROE TOWNSHIP,8831,MIDDLESEX,NJ,0.00,0.00,0.00,"360,200.00",0.00,0.00,"360,200.00"
13367,13368,4086,NJ-00033,MONTCLAIR,7043,ESSEX,NJ,0.00,0.00,0.00,"36,600.00",0.00,0.00,"36,600.00"
13367,13368,4086,NJ-00033,MONTCLAIR,7424,ESSEX,NJ,"8,629.00",0.00,"8,629.00","21,200.00",0.00,"5,400.00","15,800.00"
13367,13368,4086,NJ-00033,MONTEREY BEACH,8735,OCEAN,NJ,"228,538.00","208,658.00","19,880.00",0.00,0.00,0.00,0.00
13367,13368,4086,NJ-00033,MOONACHIE,7074,BERGEN,NJ,"17,932,421.00","3,536,271.00","14,396,150.00","2,448,700.00","354,700.00","1,851,300.00","242,700.00"
13367,13368,4086,NJ-00033,MOONACHIE,7643,BERGEN,NJ,"20,250.00",0.00,"20,250.00",0.00,0.00,0.00,0.00
13367,13368,4086,NJ-00033,MORGANVILLE,7751,MONMOUTH,NJ,"3,899.00","1,724.00","2,175.00","90,900.00",0.00,0.00,"90,900.00"
13367,13368,4086,NJ-00033,MORRISTOWN,7960,MORRIS,NJ,"190,243.00","177,743.00","12,500.00","40,000.00","27,500.00","12,500.00",0.00
13367,13368,4086,NJ-00033,MOUNTAIN LAKES,7046,MORRIS,NJ,"98,694.00","46,694.00","52,000.00",0.00,0.00,0.00,0.00
13367,13368,4086,NJ-00033,MOUNTAINSIDE,7092,UNION,NJ,"34,452.00","24,452.00","10,000.00","171,100.00","7,900.00","10,000.00","153,200.00"
13367,13368,4086,NJ-00033,MT. LAUREL,8054,BURLINGTON,NJ,0.00,0.00,0.00,"4,600.00",0.00,0.00,"4,600.00"
13367,13368,4086,NJ-00033,MYSTIC ISLAND,8087,OCEAN,NJ,"402,085.00","394,385.00","7,700.00",0.00,0.00,0.00,0.00
13367,13368,4086,NJ-00033,N BEACH HAVEN,8008,OCEAN,NJ,"133,269.00","45,269.00","88,000.00",0.00,0.00,0.00,0.00
13367,13368,4086,NJ-00033,N BERGEN,7047,HUDSON,NJ,"89,032.00","71,382.00","17,650.00","89,100.00","71,400.00","17,700.00",0.00
13367,13368,4086,NJ-00033,N PLAINFIELD,7060,UNION,NJ,0.00,0.00,0.00,"5,000.00",0.00,0.00,"5,000.00"
13367,13368,4086,NJ-00033,N WILDWOOD,8260,CAPE MAY,NJ,"110,338.00","104,388.00","5,950.00",0.00,0.00,0.00,0.00
13367,13368,4086,NJ-00033,N. BEACH HAVEN,8008,OCEAN,NJ,"1,307,993.00","359,566.00","948,427.00","18,100.00",0.00,"8,400.00","9,700.00"
13367,13368,4086,NJ-00033,N. MIDDLETOWN,7748,MONMOUTH,NJ,"22,625.00",0.00,"22,625.00",0.00,0.00,0.00,0.00
13367,13368,4086,NJ-00033,N. WILDWOOD,8260,CAPE MAY,NJ,"927,208.00","826,620.00","100,588.00","25,600.00","24,800.00",0.00,800.00
13367,13368,4086,NJ-00033,NEPTUNE,7719,MONMOUTH,NJ,"32,695.00",0.00,"32,695.00",0.00,0.00,0.00,0.00
13367,13368,4086,NJ-00033,NEPTUNE,7753,MONMOUTH,NJ,"6,624,730.00","4,138,160.00","2,486,570.00","1,600,100.00","629,000.00","771,300.00","199,800.00"
13367,13368,4086,NJ-00033,NEPTUNE,7754,MONMOUTH,NJ,"36,500.00",0.00,"36,500.00","60,900.00",0.00,"36,500.00","24,400.00"
13367,13368,4086,NJ-00033,NEPTUNE,8753,OCEAN,NJ,"32,525.00",0.00,"32,525.00",0.00,0.00,0.00,0.00
13367,13368,4086,NJ-00033,NEPTUNE CITY,7753,MONMOUTH,NJ,"44,902.00","18,288.00","26,614.00","47,200.00","18,300.00","26,700.00","2,200.00"
13367,13368,4086,NJ-00033,NEW BRITAIN,18901,BUCKS,PA,0.00,0.00,0.00,"16,500.00",0.00,0.00,"16,500.00"
13367,13368,4086,NJ-00033,NEW BRUNSWICK,8901,MIDDLESEX,NJ,"762,160.00","256,095.00","506,065.00",0.00,0.00,0.00,0.00
13367,13368,4086,NJ-00033,NEW GRETNA,8224,BURLINGTON,NJ,"255,366.00","173,863.00","81,503.00","166,500.00","150,800.00","5,000.00","10,700.00"
13367,13368,4086,NJ-00033,NEW JERSEY,8735,OCEAN,NJ,"32,539.00","21,039.00","11,500.00",0.00,0.00,0.00,0.00
13367,13368,4086,NJ-00033,NEW JERSEY,8736,OCEAN,NJ,"128,395.00","125,195.00","3,200.00",0.00,0.00,0.00,0.00
13367,13368,4086,NJ-00033,NEW YORK,10001,NEW YORK,NY,"26,000.00",0.00,"26,000.00",0.00,0.00,0.00,0.00
13367,13368,4086,NJ-00033,NEW YORK,10003,NEW YORK,NY,"10,000.00",0.00,"10,000.00",0.00,0.00,0.00,0.00
13367,13368,4086,NJ-00033,NEW YORK,10007,NEW YORK,NY,"7,500.00",0.00,"7,500.00",0.00,0.00,0.00,0.00
13367,13368,4086,NJ-00033,NEW YORK,10010,NEW YORK,NY,0.00,0.00,0.00,"4,800.00",0.00,0.00,"4,800.00"
13367,13368,4086,NJ-00033,NEW YORK,10011,NEW YORK,NY,0.00,0.00,0.00,"16,800.00",0.00,0.00,"16,800.00"
13367,13368,4086,NJ-00033,NEW YORK,10013,NEW YORK,NY,0.00,0.00,0.00,"119,000.00",0.00,0.00,"119,000.00"
13367,13368,4086,NJ-00033,NEW YORK,10014,NEW YORK,NY,0.00,0.00,0.00,"16,500.00",0.00,0.00,"16,500.00"
13367,13368,4086,NJ-00033,NEW YORK,11215,NEW YORK,NY,"10,000.00",0.00,"10,000.00",0.00,0.00,0.00,0.00
13367,13368,4086,NJ-00033,NEWARK,7114,BERGEN,NJ,"29,210.00",0.00,"29,210.00",0.00,0.00,0.00,0.00
13367,13368,4086,NJ-00033,NEWARK,7102,ESSEX,NJ,"54,484.00","52,894.00","1,590.00","153,200.00",0.00,"1,600.00","151,600.00"
13367,13368,4086,NJ-00033,NEWARK,7103,ESSEX,NJ,"109,643.00","109,643.00",0.00,"1,600.00","1,600.00",0.00,0.00
13367,13368,4086,NJ-00033,NEWARK,7104,ESSEX,NJ,"368,389.00","155,504.00","212,885.00","70,300.00","33,300.00",0.00,"37,000.00"
13367,13368,4086,NJ-00033,NEWARK,7105,ESSEX,NJ,"7,562,657.00","2,603,691.00","4,958,966.00","2,843,300.00","483,400.00","2,201,800.00","158,100.00"
13367,13368,4086,NJ-00033,NEWARK,7106,ESSEX,NJ,"119,097.00","106,853.00","12,244.00","42,200.00","42,200.00",0.00,0.00
13367,13368,4086,NJ-00033,NEWARK,7107,ESSEX,NJ,"542,584.00","354,634.00","187,950.00","117,200.00","60,300.00","34,000.00","22,900.00"
13367,13368,4086,NJ-00033,NEWARK,7108,ESSEX,NJ,"93,839.00","93,839.00",0.00,"44,300.00","44,300.00",0.00,0.00
13367,13368,4086,NJ-00033,NEWARK,7112,ESSEX,NJ,"178,188.00","130,288.00","47,900.00","34,000.00","34,000.00",0.00,0.00
13367,13368,4086,NJ-00033,NEWARK,7114,ESSEX,NJ,"4,991,471.00","1,281,648.00","3,709,823.00","1,691,000.00","682,800.00","1,008,200.00",0.00
13367,13368,4086,NJ-00033,NEWARK,8882,ESSEX,NJ,"149,964.00","53,465.00","96,499.00",0.00,0.00,0.00,0.00
13367,13368,4086,NJ-00033,NEWARK,7105,HUDSON,NJ,"26,900.00",0.00,"26,900.00",0.00,0.00,0.00,0.00
13367,13368,4086,NJ-00033,NEWARK,7114,HUDSON,NJ,"123,695.00",0.00,"123,695.00",0.00,0.00,0.00,0.00
13367,13368,4086,NJ-00033,NEWPORT,8345,CUMBERLAND,NJ,"1,030,196.00","978,656.00","51,540.00",0.00,0.00,0.00,0.00
13367,13368,4086,NJ-00033,NEWTON,7860,SUSSEX,NJ,"16,065.00","6,065.00","10,000.00","10,000.00",0.00,"10,000.00",0.00
13367,13368,4086,NJ-00033,NORMANDY BCH,8739,OCEAN,NJ,"1,530.00",0.00,"1,530.00",0.00,0.00,0.00,0.00
13367,13368,4086,NJ-00033,NORMANDY BEACH,8735,OCEAN,NJ,"241,372.00","201,508.00","39,864.00",0.00,0.00,0.00,0.00
13367,13368,4086,NJ-00033,NORMANDY BEACH,8739,OCEAN,NJ,"1,689,223.00","1,258,828.00","430,395.00","347,300.00","191,100.00","83,700.00","72,500.00"
13367,13368,4086,NJ-00033,NORTH ARLINGTON,7031,BERGEN,NJ,"289,316.00","72,574.00","216,742.00","195,200.00","19,500.00","158,500.00","17,200.00"
13367,13368,4086,NJ-00033,NORTH BEACH,8008,OCEAN,NJ,"345,027.00","341,627.00","3,400.00",0.00,0.00,0.00,0.00
13367,13368,4086,NJ-00033,NORTH BEACH HAVEN,8008,OCEAN,NJ,"319,576.00","297,247.00","22,329.00","174,800.00","161,500.00","4,700.00","8,600.00"
13367,13368,4086,NJ-00033,NORTH BERGEN,7047,BERGEN,NJ,"30,790.00",0.00,"30,790.00",0.00,0.00,0.00,0.00
13367,13368,4086,NJ-00033,NORTH BERGEN,7047,HUDSON,NJ,"1,174,024.00","861,239.00","312,785.00","647,800.00","559,100.00","35,000.00","53,700.00"
13367,13368,4086,NJ-00033,NORTH BRUNSWICK,8902,MIDDLESEX,NJ,"20,092.00","12,342.00","7,750.00","21,100.00",0.00,0.00,"21,100.00"
13367,13368,4086,NJ-00033,NORTH CAPE MAY,8204,CAPE MAY,NJ,"26,968.00","19,818.00","7,150.00",0.00,0.00,0.00,0.00
13367,13368,4086,NJ-00033,NORTH MIDDLETOWN,7734,MONMOUTH,NJ,"10,121.00","10,121.00",0.00,"2,100.00","2,100.00",0.00,0.00
13367,13368,4086,NJ-00033,NORTH PLAINFIELD,7060,UNION,NJ,"2,200.00",0.00,"2,200.00",0.00,0.00,0.00,0.00
13367,13368,4086,NJ-00033,NORTH WILDWOOD,8260,CAPE MAY,NJ,"1,181,343.00","863,907.00","317,436.00","478,800.00","359,600.00","114,600.00","4,600.00"
13367,13368,4086,NJ-00033,NORTHFIELD,8225,ATLANTIC,NJ,"3,055,008.00","2,873,201.00","181,807.00","26,900.00","12,900.00","14,000.00",0.00
13367,13368,4086,NJ-00033,NORWOOD,7648,BERGEN,NJ,"52,482.00","45,167.00","7,315.00",0.00,0.00,0.00,0.00
13367,13368,4086,NJ-00033,NUTLEY,7110,ESSEX,NJ,"12,279.00","4,979.00","7,300.00",0.00,0.00,0.00,0.00
13367,13368,4086,NJ-00033,NYACK,10960,ROCKLAND,NY,0.00,0.00,0.00,"31,200.00",0.00,0.00,"31,200.00"
13367,13368,4086,NJ-00033,OAK RIDGE,7438,MORRIS,NJ,"569,513.00","556,713.00","12,800.00","469,300.00","446,700.00","1,300.00","21,300.00"
13367,13368,4086,NJ-00033,OAKHURST,7755,MONMOUTH,NJ,"43,320.00",0.00,"43,320.00","43,400.00",0.00,"43,400.00",0.00
13367,13368,4086,NJ-00033,OCEAN,8226,CAPE MAY,NJ,"67,344.00","65,294.00","2,050.00",0.00,0.00,0.00,0.00
13367,13368,4086,NJ-00033,OCEAN,7712,MONMOUTH,NJ,"1,225,510.00","82,661.00","1,142,849.00","9,300.00",0.00,0.00,"9,300.00"
13367,13368,4086,NJ-00033,OCEAN,8753,OCEAN,NJ,"21,706.00",466.00,"21,240.00",0.00,0.00,0.00,0.00
13367,13368,4086,NJ-00033,OCEAN CITY,8226,ATLANTIC,NJ,"90,064.00","73,170.00","16,894.00","12,200.00",0.00,"12,200.00",0.00
13367,13368,4086,NJ-00033,OCEAN CITY,8226,CAPE MAY,NJ,"11,479,888.00","7,954,229.00","3,525,659.00","4,861,100.00","2,681,000.00","1,740,500.00","439,600.00"
13367,13368,4086,NJ-00033,OCEAN CITY,8226,CUMBERLAND,NJ,"22,019.00","5,121.00","16,898.00","14,000.00",0.00,"14,000.00",0.00
13367,13368,4086,NJ-00033,OCEAN GATE,8701,OCEAN,NJ,"26,400.00","26,400.00",0.00,0.00,0.00,0.00,0.00
13367,13368,4086,NJ-00033,OCEAN GATE,8740,OCEAN,NJ,"2,031,556.00","1,705,476.00","326,080.00","920,700.00","714,500.00","171,700.00","34,500.00"
13367,13368,4086,NJ-00033,OCEAN GROVE,7756,MONMOUTH,NJ,"766,397.00","701,659.00","64,738.00","418,100.00","337,000.00","23,800.00","57,300.00"
13367,13368,4086,NJ-00033,OCEAN VIEW,8230,CAPE MAY,NJ,0.00,0.00,0.00,"49,100.00",0.00,0.00,"49,100.00"
13367,13368,4086,NJ-00033,OCEANPORT,7757,MONMOUTH,NJ,"2,077,442.00","1,880,401.00","197,041.00","112,000.00","95,900.00","3,500.00","12,600.00"
13367,13368,4086,NJ-00033,OCEANSIDE,11572,NASSAU,NY,"67,263.00","67,263.00",0.00,0.00,0.00,0.00,0.00
13367,13368,4086,NJ-00033,OLD BRIDGE,8857,MIDDLESEX,NJ,"195,870.00","95,610.00","100,260.00","14,000.00",0.00,"14,000.00",0.00
13367,13368,4086,NJ-00033,ORANGE,7050,ESSEX,NJ,"8,454.00",0.00,"8,454.00","59,100.00",0.00,"7,500.00","51,600.00"
13367,13368,4086,NJ-00033,ORTLEY,8751,OCEAN,NJ,"3,504,444.00","3,476,814.00","27,630.00","1,497,600.00","1,487,600.00","10,000.00",0.00
13367,13368,4086,NJ-00033,ORTLEY BEACH,8751,ESSEX,NJ,"281,009.00","276,909.00","4,100.00",0.00,0.00,0.00,0.00
13367,13368,4086,NJ-00033,ORTLEY BEACH,875,OCEAN,NJ,"335,032.00","304,732.00","30,300.00",0.00,0.00,0.00,0.00
13367,13368,4086,NJ-00033,ORTLEY BEACH,8751,OCEAN,NJ,"12,928,557.00","10,822,263.00","2,106,294.00","2,849,900.00","2,293,000.00","422,200.00","134,700.00"
13367,13368,4086,NJ-00033,ORTLEY BEACH,8753,OCEAN,NJ,"256,197.00","136,441.00","119,756.00",0.00,0.00,0.00,0.00
13367,13368,4086,NJ-00033,ORTLEY BEACH,8755,OCEAN,NJ,"277,562.00","221,562.00","56,000.00",0.00,0.00,0.00,0.00
13367,13368,4086,NJ-00033,PALMYRA,8065,BURLINGTON,NJ,0.00,0.00,0.00,"54,600.00",0.00,0.00,"54,600.00"
13367,13368,4086,NJ-00033,PARAMUS,7652,BERGEN,NJ,"1,601.00","1,601.00",0.00,"31,600.00",0.00,0.00,"31,600.00"
13367,13368,4086,NJ-00033,PARLIN,8859,MIDDLESEX,NJ,"3,515,404.00","3,311,714.00","203,690.00","1,304,200.00","1,130,500.00","70,300.00","103,400.00"
13367,13368,4086,NJ-00033,PARSIPPANY,7054,MORRIS,NJ,"21,455.00","17,955.00","3,500.00",0.00,0.00,0.00,0.00
13367,13368,4086,NJ-00033,PASSAIC,7055,PASSAIC,NJ,"1,455,669.00","222,969.00","1,232,700.00","688,800.00","66,100.00","622,700.00",0.00
13367,13368,4086,NJ-00033,PATERSON,7501,PASSAIC,NJ,"127,086.00","110,486.00","16,600.00",0.00,0.00,0.00,0.00
13367,13368,4086,NJ-00033,PATERSON,7502,PASSAIC,NJ,"7,195.00","4,195.00","3,000.00","1,000.00","1,000.00",0.00,0.00
13367,13368,4086,NJ-00033,PATERSON,7505,PASSAIC,NJ,"14,766.00",0.00,"14,766.00","14,100.00",0.00,"9,100.00","5,000.00"
13367,13368,4086,NJ-00033,PATERSON,7513,PASSAIC,NJ,"16,237.00","16,237.00",0.00,"15,800.00","15,800.00",0.00,0.00
13367,13368,4086,NJ-00033,PATERSON,7514,PASSAIC,NJ,"255,006.00","255,006.00",0.00,"24,400.00","24,400.00",0.00,0.00
13367,13368,4086,NJ-00033,PATERSON,7524,PASSAIC,NJ,"425,553.00","134,653.00","290,900.00",0.00,0.00,0.00,0.00
13367,13368,4086,NJ-00033,PATERSON,7544,PASSAIC,NJ,"14,900.00",0.00,"14,900.00",0.00,0.00,0.00,0.00
13367,13368,4086,NJ-00033,PEAHALA PARK,8008,OCEAN,NJ,"59,367.00","47,767.00","11,600.00",0.00,0.00,0.00,0.00
13367,13368,4086,NJ-00033,PEHALA PARK,8008,OCEAN,NJ,"41,737.00","32,337.00","9,400.00","41,800.00","32,400.00","9,400.00",0.00
13367,13368,4086,NJ-00033,PELICAN ISLAND,8751,OCEAN,NJ,"66,329.00","64,004.00","2,325.00",0.00,0.00,0.00,0.00
13367,13368,4086,NJ-00033,PENNINGTON,8534,MERCER,NJ,"76,928.00","70,368.00","6,560.00","383,400.00","38,200.00",0.00,"345,200.00"
13367,13368,4086,NJ-00033,PENNS GROVE,8069,SALEM,NJ,"7,391.00","2,011.00","5,380.00",0.00,0.00,0.00,0.00
13367,13368,4086,NJ-00033,PENNSVILLE,8070,SALEM,NJ,"176,225.00","91,025.00","85,200.00",0.00,0.00,0.00,0.00
13367,13368,4086,NJ-00033,PERTH AMBOY,8840,MIDDLESEX,NJ,"196,015.00","143,226.00","52,789.00","211,100.00","143,300.00","52,800.00","15,000.00"
13367,13368,4086,NJ-00033,PERTH AMBOY,8861,MIDDLESEX,NJ,"2,141,131.00","1,985,198.00","155,933.00","794,000.00","791,300.00","2,700.00",0.00
13367,13368,4086,NJ-00033,PHILLIPSBURG,8865,WARREN,NJ,"23,324.00","23,324.00",0.00,"14,000.00","14,000.00",0.00,0.00
13367,13368,4086,NJ-00033,PINE BEACH,8741,OCEAN,NJ,"220,121.00","202,047.00","18,074.00",0.00,0.00,0.00,0.00
13367,13368,4086,NJ-00033,PISCATAWAY,8854,HUDSON,NJ,"200,000.00",0.00,"200,000.00",0.00,0.00,0.00,0.00
13367,13368,4086,NJ-00033,PISCATAWAY,8854,MIDDLESEX,NJ,"297,410.00","101,691.00","195,719.00","233,100.00","16,910.10","173,889.90","42,300.00"
13367,13368,4086,NJ-00033,PITTSTOWN,8867,HUNTERDON,NJ,"18,288.00","18,288.00",0.00,0.00,0.00,0.00,0.00
13367,13368,4086,NJ-00033,PLAINFIELD,7060,UNION,NJ,"261,532.00","186,232.00","75,300.00","185,800.00","39,100.00","1,000.00","145,700.00"
13367,13368,4086,NJ-00033,PLAINFIELD,7062,UNION,NJ,"117,000.00",0.00,"117,000.00",0.00,0.00,0.00,0.00
13367,13368,4086,NJ-00033,PLEASANTVILLE,8232,ATLANTIC,NJ,"1,677,557.00","1,287,698.00","389,859.00","252,500.00","70,500.00","40,400.00","141,600.00"
13367,13368,4086,NJ-00033,PLEASANTVILLLE,8232,ATLANTIC,NJ,0.00,0.00,0.00,"71,900.00",0.00,0.00,"71,900.00"
13367,13368,4086,NJ-00033,POINT LEASANT BEACH,8742,OCEAN,NJ,"151,250.00","118,250.00","33,000.00",0.00,0.00,0.00,0.00
13367,13368,4086,NJ-00033,POINT PLEASANT,8742,OCEAN,NJ,"139,465.00","91,867.00","47,598.00","23,200.00","8,700.00",0.00,"14,500.00"
13367,13368,4086,NJ-00033,POINT PLEASANT BEACH,8741,OCEAN,NJ,"217,858.00","141,558.00","76,300.00","204,000.00","127,700.00","76,300.00",0.00
13367,13368,4086,NJ-00033,POINT PLEASANT BEACH,8742,OCEAN,NJ,"15,729,792.00","13,839,521.00","1,890,271.00","3,308,000.00","2,498,800.00","564,700.00","244,500.00"
13367,13368,4086,NJ-00033,POINT PLEASANT BORO,8742,OCEAN,NJ,"2,103,449.00","1,399,931.00","703,518.00","434,900.00","195,300.00","209,300.00","30,300.00"
13367,13368,4086,NJ-00033,PORT MONMOUTH,7758,MIDDLESEX,NJ,"23,999.00","23,099.00",900.00,0.00,0.00,0.00,0.00
13367,13368,4086,NJ-00033,PORT MONMOUTH,7718,MONMOUTH,NJ,0.00,0.00,0.00,"15,000.00",0.00,0.00,"15,000.00"
13367,13368,4086,NJ-00033,PORT MONMOUTH,7748,MONMOUTH,NJ,"4,048.00",0.00,"4,048.00",0.00,0.00,0.00,0.00
13367,13368,4086,NJ-00033,PORT MONMOUTH,7758,MONMOUTH,NJ,"2,101,377.00","1,927,248.00","174,129.00","101,900.00","95,900.00","5,000.00","1,000.00"
13367,13368,4086,NJ-00033,PORT NEWARK,7114,ESSEX,NJ,"6,264,485.00","1,850,682.00","4,413,803.00",0.00,0.00,0.00,0.00
13367,13368,4086,NJ-00033,PORT NORRIS,8349,CUMBERLAND,NJ,"99,937.00","75,367.00","24,570.00",0.00,0.00,0.00,0.00
13367,13368,4086,NJ-00033,PORT READING,7064,MIDDLESEX,NJ,"164,681.00","129,213.00","35,468.00","225,900.00","129,300.00","25,500.00","71,100.00"
13367,13368,4086,NJ-00033,PORT REPUBLIC,8241,ATLANTIC,NJ,"747,046.00","535,220.00","211,826.00","88,000.00",0.00,"78,500.00","9,500.00"
13367,13368,4086,NJ-00033,PRINCETON,8540,MERCER,NJ,"198,191.00","72,778.00","125,413.00","127,600.00",0.00,"125,400.00","2,200.00"
13367,13368,4086,NJ-00033,PT PLEAS BCH,8742,OCEAN,NJ,"111,832.00","73,653.00","38,179.00",0.00,0.00,0.00,0.00
13367,13368,4086,NJ-00033,PT PLEASANT,8742,OCEAN,NJ,"289,119.00","211,345.00","77,774.00","283,800.00","171,300.00","39,000.00","73,500.00"
13367,13368,4086,NJ-00033,PT PLEASANT BEACH,8742,OCEAN,NJ,"1,241,059.00","1,007,787.00","233,272.00","231,300.00","104,300.00","127,000.00",0.00
13367,13368,4086,NJ-00033,PT.  PLEASANT BEACH,8742,OCEAN,NJ,"349,578.00","301,818.00","47,760.00","349,600.00","301,900.00","47,700.00",0.00
13367,13368,4086,NJ-00033,PT. PLEASANT,8742,OCEAN,NJ,"42,677.00",0.00,"42,677.00",0.00,0.00,0.00,0.00
13367,13368,4086,NJ-00033,PT. PLEASANT BEACH,8742,OCEAN,NJ,"253,527.00","201,377.00","52,150.00","123,400.00","84,500.00","38,900.00",0.00
13367,13368,4086,NJ-00033,RAHWAY,7065,UNION,NJ,"1,109,561.00","869,233.00","240,328.00","855,200.00","694,900.00","160,300.00",0.00
13367,13368,4086,NJ-00033,RANDOLPH,7869,MORRIS,NJ,"3,191.00","3,191.00",0.00,0.00,0.00,0.00,0.00
13367,13368,4086,NJ-00033,RARITAN,8869,SOMERSET,NJ,"8,840.00",200.00,"8,640.00","8,900.00",200.00,"8,700.00",0.00
13367,13368,4086,NJ-00033,RED BANK,7701,MONMOUTH,NJ,"2,173,085.00","1,870,927.00","302,158.00","599,100.00","347,900.00","186,600.00","64,600.00"
13367,13368,4086,NJ-00033,RED BANK,7704,MONMOUTH,NJ,"25,140.00",0.00,"25,140.00","100,300.00",0.00,"24,900.00","75,400.00"
13367,13368,4086,NJ-00033,RIDGEFIELD PARK,7660,BERGEN,NJ,"214,584.00","2,415.00","212,169.00","129,100.00","2,500.00","110,000.00","16,600.00"
13367,13368,4086,NJ-00033,RIDGEWOOD,7450,BERGEN,NJ,"10,881.00","4,001.00","6,880.00","4,100.00","4,100.00",0.00,0.00
13367,13368,4086,NJ-00033,RINGWOOD,7456,PASSAIC,NJ,288.00,0.00,288.00,0.00,0.00,0.00,0.00
13367,13368,4086,NJ-00033,RIO GRANDE,8242,CAPE MAY,NJ,"93,200.00","72,284.00","20,916.00",0.00,0.00,0.00,0.00
13367,13368,4086,NJ-00033,ROBBINSVILLE,8619,MERCER,NJ,"7,632.00",399.00,"7,233.00",0.00,0.00,0.00,0.00
13367,13368,4086,NJ-00033,ROBBINSVILLE,8691,MERCER,NJ,0.00,0.00,0.00,"5,000.00",0.00,0.00,"5,000.00"
13367,13368,4086,NJ-00033,ROCHELLE PARK,7662,BERGEN,NJ,"16,575.00","4,530.00","12,045.00",0.00,0.00,0.00,0.00
13367,13368,4086,NJ-00033,ROSELAND,7068,ESSEX,NJ,"6,438.00",0.00,"6,438.00",0.00,0.00,0.00,0.00
13367,13368,4086,NJ-00033,ROSELLE,7203,UNION,NJ,"37,349.00","25,849.00","11,500.00","85,100.00","16,800.00",0.00,"68,300.00"
13367,13368,4086,NJ-00033,ROSELLE PARK,7204,UNION,NJ,"128,475.00","104,220.00","24,255.00","76,700.00","69,500.00","7,200.00",0.00
13367,13368,4086,NJ-00033,RUMSON,7760,MONMOUTH,NJ,"1,452,197.00","1,334,416.00","117,781.00","399,200.00","363,200.00","3,600.00","32,400.00"
13367,13368,4086,NJ-00033,RUTHERFORD,7070,BERGEN,NJ,"1,477,753.00","310,843.00","1,166,910.00",0.00,0.00,0.00,0.00
13367,13368,4086,NJ-00033,S KEARNY,7032,HUDSON,NJ,"11,759.00",0.00,"11,759.00",0.00,0.00,0.00,0.00
13367,13368,4086,NJ-00033,S SEASIDE PARK,8752,OCEAN,NJ,"9,398.00","9,398.00",0.00,0.00,0.00,0.00,0.00
13367,13368,4086,NJ-00033,S. KEARNEY,7107,ESSEX,NJ,"12,700.00",0.00,"12,700.00",0.00,0.00,0.00,0.00
13367,13368,4086,NJ-00033,S. KEARNEY,7032,HUDSON,NJ,"14,600.00",0.00,"14,600.00",0.00,0.00,0.00,0.00
13367,13368,4086,NJ-00033,S. KEARNY,7032,HUDSON,NJ,"18,450.00",0.00,"18,450.00",0.00,0.00,0.00,0.00
13367,13368,4086,NJ-00033,S. KEARNY,7305,HUDSON,NJ,"35,000.00",0.00,"35,000.00","9,800.00",0.00,"9,800.00",0.00
13367,13368,4086,NJ-00033,S. SEASIDE PARK,8752,OCEAN,NJ,"72,455.00","61,955.00","10,500.00",0.00,0.00,0.00,0.00
13367,13368,4086,NJ-00033,SADDLE BROOK,7663,BERGEN,NJ,"39,235.00","39,235.00",0.00,0.00,0.00,0.00,0.00
13367,13368,4086,NJ-00033,SANDY HOOK,7732,MONMOUTH,NJ,"71,100.00",0.00,"71,100.00","67,600.00",0.00,"67,600.00",0.00
13367,13368,4086,NJ-00033,SAREVILLE,8872,MIDDLESEX,NJ,"6,822.00",0.00,"6,822.00",0.00,0.00,0.00,0.00
13367,13368,4086,NJ-00033,SAYREVILLE,8872,MIDDLESEX,NJ,"4,545,845.00","1,802,422.00","2,743,423.00","2,198,000.00","1,335,300.00","621,500.00","241,200.00"
13367,13368,4086,NJ-00033,SCOTCH PLAINS,7076,UNION,NJ,"125,115.00","61,165.00","63,950.00","297,600.00","22,600.00","62,000.00","213,000.00"
13367,13368,4086,NJ-00033,SEA BRIGHT,7660,MONMOUTH,NJ,"347,056.00","310,056.00","37,000.00","29,600.00","25,300.00","4,300.00",0.00
13367,13368,4086,NJ-00033,SEA BRIGHT,7760,MONMOUTH,NJ,"27,417,199.00","22,390,210.00","5,026,989.00","6,061,800.00","4,337,100.00","1,407,100.00","317,600.00"
13367,13368,4086,NJ-00033,SEA BRIGHT,7764,MONMOUTH,NJ,0.00,0.00,0.00,"12,800.00",0.00,0.00,"12,800.00"
13367,13368,4086,NJ-00033,SEA GIRT,8750,MONMOUTH,NJ,"128,048.00","125,048.00","3,000.00","55,400.00","42,100.00","1,800.00","11,500.00"
13367,13368,4086,NJ-00033,SEA ISLE,8045,ATLANTIC,NJ,"119,099.00",0.00,"119,099.00","208,300.00",0.00,"119,100.00","89,200.00"
13367,13368,4086,NJ-00033,SEA ISLE,8243,CAPE MAY,NJ,"17,975.00",0.00,"17,975.00",0.00,0.00,0.00,0.00
13367,13368,4086,NJ-00033,SEA ISLE CITY,8243,CAPE MAY,NJ,"1,468,084.00","577,789.00","890,295.00","254,000.00","96,200.00","149,900.00","7,900.00"
13367,13368,4086,NJ-00033,SEA SIDE PARK,8751,OCEAN,NJ,"498,066.00","495,466.00","2,600.00",0.00,0.00,0.00,0.00
13367,13368,4086,NJ-00033,SEABRIGHT,7760,MONMOUTH,NJ,"487,600.00","456,210.00","31,390.00","28,300.00","24,700.00","3,600.00",0.00
13367,13368,4086,NJ-00033,SEASIDE,8751,OCEAN,NJ,"17,485.00","16,185.00","1,300.00",0.00,0.00,0.00,0.00
13367,13368,4086,NJ-00033,SEASIDE HEIGHTS,7724,OCEAN,NJ,"18,377.00","7,677.00","10,700.00",0.00,0.00,0.00,0.00
13367,13368,4086,NJ-00033,SEASIDE HEIGHTS,7851,OCEAN,NJ,"176,385.00","163,585.00","12,800.00","143,900.00","121,600.00","12,800.00","9,500.00"
13367,13368,4086,NJ-00033,SEASIDE HEIGHTS,8751,OCEAN,NJ,"34,046,922.00","26,701,111.00","7,345,811.00","9,678,900.00","6,681,600.00","2,243,600.00","753,700.00"
13367,13368,4086,NJ-00033,SEASIDE HEIGHTS,8752,OCEAN,NJ,"108,506.00",0.00,"108,506.00",0.00,0.00,0.00,0.00
13367,13368,4086,NJ-00033,SEASIDE HEIGHTS,8753,OCEAN,NJ,"561,005.00","523,015.00","37,990.00","8,200.00","5,600.00",0.00,"2,600.00"
13367,13368,4086,NJ-00033,SEASIDE HEIGHTS,8817,OCEAN,NJ,"81,349.00","69,399.00","11,950.00","62,500.00","49,400.00","12,000.00","1,100.00"
13367,13368,4086,NJ-00033,SEASIDE HTS,8751,OCEAN,NJ,"575,500.00","551,372.00","24,128.00","5,100.00",0.00,"5,100.00",0.00
13367,13368,4086,NJ-00033,SEASIDE PARK,8752,MIDDLESEX,NJ,"64,506.00","62,306.00","2,200.00",0.00,0.00,0.00,0.00
13367,13368,4086,NJ-00033,SEASIDE PARK,8732,OCEAN,NJ,"68,967.00","38,348.00","30,619.00",0.00,0.00,0.00,0.00
13367,13368,4086,NJ-00033,SEASIDE PARK,8752,OCEAN,NJ,"6,800,924.00","5,562,567.00","1,238,357.00","3,362,200.00","2,274,200.00","728,300.00","359,700.00"
13367,13368,4086,NJ-00033,SEASIIDE HEIGHTS,8751,OCEAN,NJ,"51,971.00",0.00,"51,971.00",0.00,0.00,0.00,0.00
13367,13368,4086,NJ-00033,SEASISE HEIGHTS,8751,OCEAN,NJ,"380,125.00","318,075.00","62,050.00",0.00,0.00,0.00,0.00
13367,13368,4086,NJ-00033,SEAVILLE,8230,CAPE MAY,NJ,"25,012.00",0.00,"25,012.00",0.00,0.00,0.00,0.00
13367,13368,4086,NJ-00033,SECAUCUS,7094,HUDSON,NJ,"3,817,214.00","3,674,745.00","142,469.00","1,134,900.00","1,122,700.00",0.00,"12,200.00"
13367,13368,4086,NJ-00033,SEWAREN,7077,BERGEN,NJ,"16,520.00",0.00,"16,520.00",0.00,0.00,0.00,0.00
13367,13368,4086,NJ-00033,SEWAREN,7077,MIDDLESEX,NJ,"454,085.00","386,513.00","67,572.00","234,600.00","187,800.00","37,300.00","9,500.00"
13367,13368,4086,NJ-00033,SEWARREN,7077,MIDDLESEX,NJ,"45,962.00",0.00,"45,962.00","37,500.00",0.00,"26,600.00","10,900.00"
13367,13368,4086,NJ-00033,SHIP BOTTOM,8008,OCEAN,NJ,"5,340,954.00","3,595,162.00","1,745,792.00","1,498,700.00","611,100.00","543,300.00","329,100.00"
13367,13368,4086,NJ-00033,SHIPBOTTOM,8008,OCEAN,NJ,"41,478.00","29,678.00","11,800.00",0.00,0.00,0.00,0.00
13367,13368,4086,NJ-00033,SHORT HILLS,7078,ESSEX,NJ,"13,497.00",0.00,"13,497.00",0.00,0.00,0.00,0.00
13367,13368,4086,NJ-00033,SHREWSBURY,7702,MONMOUTH,NJ,"165,978.00","153,134.00","12,844.00","173,100.00","66,600.00",0.00,"106,500.00"
13367,13368,4086,NJ-00033,SICKLERVILLE,8081,CAMDEN,NJ,"6,329.00","6,329.00",0.00,0.00,0.00,0.00,0.00
13367,13368,4086,NJ-00033,SO MANTOLOKING,8739,OCEAN,NJ,"160,714.00","143,914.00","16,800.00",0.00,0.00,0.00,0.00
13367,13368,4086,NJ-00033,SO. AMBOY,8879,MIDDLESEX,NJ,"8,000.00",0.00,"8,000.00",0.00,0.00,0.00,0.00
13367,13368,4086,NJ-00033,SOMERS POINT,8223,ATLANTIC,NJ,"59,894.00","56,394.00","3,500.00",0.00,0.00,0.00,0.00
13367,13368,4086,NJ-00033,SOMERS POINT,8234,ATLANTIC,NJ,"85,251.00","35,511.00","49,740.00",0.00,0.00,0.00,0.00
13367,13368,4086,NJ-00033,SOMERS POINT,8244,ATLANTIC,NJ,"1,667,442.00","1,557,904.00","109,538.00","1,438,900.00","1,393,500.00","28,600.00","16,800.00"
13367,13368,4086,NJ-00033,SOMERSET,8873,SOMERSET,NJ,"379,435.00","303,311.00","76,124.00","390,500.00","296,400.00","66,200.00","27,900.00"
13367,13368,4086,NJ-00033,SOMERVILLE,8876,SOMERSET,NJ,"12,186.00","11,986.00",200.00,"113,700.00",0.00,0.00,"113,700.00"
13367,13368,4086,NJ-00033,SOURTH KEARNY,7032,HUDSON,NJ,"68,000.00",0.00,"68,000.00",0.00,0.00,0.00,0.00
13367,13368,4086,NJ-00033,SOUTH  KEARNY,7032,UNION,NJ,"185,598.00",0.00,"185,598.00","178,500.00",0.00,"108,500.00","70,000.00"
13367,13368,4086,NJ-00033,SOUTH  TOMS RIVER,8757,OCEAN,NJ,"264,031.00","108,081.00","155,950.00",0.00,0.00,0.00,0.00
13367,13368,4086,NJ-00033,SOUTH AMBOY,8872,MIDDLESEX,NJ,"157,307.00","120,962.00","36,345.00",0.00,0.00,0.00,0.00
13367,13368,4086,NJ-00033,SOUTH AMBOY,8879,MIDDLESEX,NJ,"2,129,642.00","1,544,767.00","584,875.00","224,700.00","88,400.00","136,300.00",0.00
13367,13368,4086,NJ-00033,SOUTH CARNEY,7632,HUDSON,NJ,"50,000.00",0.00,"50,000.00",0.00,0.00,0.00,0.00
13367,13368,4086,NJ-00033,SOUTH HACKENSACK,7606,BERGEN,NJ,"4,939,054.00","463,377.00","4,475,677.00","2,667,000.00",0.00,"2,422,000.00","245,000.00"
13367,13368,4086,NJ-00033,SOUTH KEARNEY,7032,HUDSON,NJ,"58,950.00",0.00,"58,950.00","37,000.00",0.00,"16,700.00","20,300.00"
13367,13368,4086,NJ-00033,SOUTH KEARNY,7083,ESSEX,NJ,"49,500.00",0.00,"49,500.00",0.00,0.00,0.00,0.00
13367,13368,4086,NJ-00033,SOUTH KEARNY,7032,HUDSON,NJ,"1,828,470.00","333,950.00","1,494,520.00","432,600.00","309,900.00","122,700.00",0.00
13367,13368,4086,NJ-00033,SOUTH KEARNY,7032,HUNTERDON,NJ,"29,000.00",0.00,"29,000.00",0.00,0.00,0.00,0.00
13367,13368,4086,NJ-00033,SOUTH MANTOLOKING,8738,OCEAN,NJ,"109,741.00","88,441.00","21,300.00",0.00,0.00,0.00,0.00
13367,13368,4086,NJ-00033,SOUTH MANTOLOKING (BRICK),8738,OCEAN,NJ,"421,648.00","396,398.00","25,250.00",0.00,0.00,0.00,0.00
13367,13368,4086,NJ-00033,SOUTH PLAINFIELD,7080,MIDDLESEX,NJ,"312,381.00","309,191.00","3,190.00",0.00,0.00,0.00,0.00
13367,13368,4086,NJ-00033,SOUTH RIVER,8520,MERCER,NJ,"126,161.00","126,161.00",0.00,0.00,0.00,0.00,0.00
13367,13368,4086,NJ-00033,SOUTH RIVER,8872,MIDDLESEX,NJ,"3,844.00",0.00,"3,844.00",0.00,0.00,0.00,0.00
13367,13368,4086,NJ-00033,SOUTH RIVER,8882,MIDDLESEX,NJ,"3,393,985.00","2,236,662.00","1,157,323.00","1,399,200.00","1,011,000.00","294,200.00","94,000.00"
13367,13368,4086,NJ-00033,SOUTH SEASIDE PARK,8752,OCEAN,NJ,"171,862.00","128,738.00","43,124.00","144,800.00","110,500.00","34,300.00",0.00
13367,13368,4086,NJ-00033,SOUTH TOMS RIVER,8757,OCEAN,NJ,"87,877.00",0.00,"87,877.00","7,700.00",0.00,"7,700.00",0.00
13367,13368,4086,NJ-00033,SPARTA,7871,SUSSEX,NJ,"63,902.00","50,902.00","13,000.00",0.00,0.00,0.00,0.00
13367,13368,4086,NJ-00033,SPOTSWOOD,8884,MIDDLESEX,NJ,"834,851.00","17,529.00","817,322.00","802,800.00",0.00,"802,800.00",0.00
13367,13368,4086,NJ-00033,SPRAY BEACH,8008,OCEAN,NJ,"119,039.00","104,939.00","14,100.00","94,600.00","80,500.00","14,100.00",0.00
13367,13368,4086,NJ-00033,SPRING LAKE,7762,MONMOUTH,NJ,"218,409.00","155,564.00","62,845.00","240,900.00","6,500.00","21,800.00","212,600.00"
13367,13368,4086,NJ-00033,SPRING LAKE HEIGHTS,7762,MONMOUTH,NJ,"31,391.00","31,391.00",0.00,0.00,0.00,0.00,0.00
13367,13368,4086,NJ-00033,SPRINGFIELD,7081,UNION,NJ,0.00,0.00,0.00,"7,200.00",0.00,0.00,"7,200.00"
13367,13368,4086,NJ-00033,STAFFORD,8050,OCEAN,NJ,"104,140.00","89,210.00","14,930.00","14,000.00","11,300.00","2,700.00",0.00
13367,13368,4086,NJ-00033,STAFFORD TOWNSHIP,8050,OCEAN,NJ,"67,504.00","48,923.00","18,581.00",0.00,0.00,0.00,0.00
13367,13368,4086,NJ-00033,STANHOPE,7874,SUSSEX,NJ,"111,428.00","111,428.00",0.00,0.00,0.00,0.00,0.00
13367,13368,4086,NJ-00033,STIRLING,7980,MORRIS,NJ,"151,475.00","144,245.00","7,230.00","222,200.00","22,200.00",0.00,"200,000.00"
13367,13368,4086,NJ-00033,STONE HARBOR,8247,CAPE MAY,NJ,"1,268,502.00","1,017,501.00","251,001.00","217,000.00","192,700.00","21,500.00","2,800.00"
13367,13368,4086,NJ-00033,STRATHMERE,8248,CAPE MAY,NJ,"295,749.00","220,352.00","75,397.00","36,100.00","25,300.00","10,800.00",0.00
13367,13368,4086,NJ-00033,SUCCASUNNA,7876,MORRIS,NJ,"6,103.00",0.00,"6,103.00",0.00,0.00,0.00,0.00
13367,13368,4086,NJ-00033,SUMMIT,7901,UNION,NJ,"7,100.00",0.00,"7,100.00",0.00,0.00,0.00,0.00
13367,13368,4086,NJ-00033,SURF CITY,7981,OCEAN,NJ,"93,878.00","90,278.00","3,600.00",0.00,0.00,0.00,0.00
13367,13368,4086,NJ-00033,SURF CITY,8008,OCEAN,NJ,"1,552,164.00","1,111,343.00","440,821.00","305,900.00","144,600.00","111,600.00","49,700.00"
13367,13368,4086,NJ-00033,TEANECK,7666,BERGEN,NJ,"848,919.00","169,741.00","679,178.00","385,500.00","30,600.00","354,900.00",0.00
13367,13368,4086,NJ-00033,TETERBORO,7608,BERGEN,NJ,"40,000.00",0.00,"40,000.00",0.00,0.00,0.00,0.00
13367,13368,4086,NJ-00033,TINTON FALLS,7701,MONMOUTH,NJ,0.00,0.00,0.00,"100,000.00",0.00,0.00,"100,000.00"
13367,13368,4086,NJ-00033,TINTON FALLS,7724,MONMOUTH,NJ,"66,693.00","24,828.00","41,865.00","184,200.00",0.00,0.00,"184,200.00"
13367,13368,4086,NJ-00033,TINTON FALLS,7753,MONMOUTH,NJ,0.00,0.00,0.00,"7,200.00",0.00,0.00,"7,200.00"
13367,13368,4086,NJ-00033,TITUSVILLE,8560,MERCER,NJ,"14,768.00","14,768.00",0.00,0.00,0.00,0.00,0.00
13367,13368,4086,NJ-00033,TOMS RIVER,7853,OCEAN,NJ,"22,645.00","21,545.00","1,100.00",0.00,0.00,0.00,0.00
13367,13368,4086,NJ-00033,TOMS RIVER,8735,OCEAN,NJ,"1,166,712.00","990,577.00","176,135.00","804,500.00","698,700.00","89,200.00","16,600.00"
13367,13368,4086,NJ-00033,TOMS RIVER,8738,OCEAN,NJ,"118,193.00","64,478.00","53,715.00",0.00,0.00,0.00,0.00
13367,13368,4086,NJ-00033,TOMS RIVER,8751,OCEAN,NJ,"28,442.00","25,542.00","2,900.00","28,500.00","25,600.00","2,900.00",0.00
13367,13368,4086,NJ-00033,TOMS RIVER,8753,OCEAN,NJ,"11,611,456.00","9,230,940.00","2,380,516.00","3,995,400.00","2,397,700.00","1,145,500.00","452,200.00"
13367,13368,4086,NJ-00033,TOMS RIVER,8755,OCEAN,NJ,"1,555,615.00","1,324,027.00","231,588.00","481,200.00","8,000.00","14,000.00","459,200.00"
13367,13368,4086,NJ-00033,TOMS RIVER,8757,OCEAN,NJ,"406,644.00","139,700.00","266,944.00","458,200.00","139,800.00","259,500.00","58,900.00"
13367,13368,4086,NJ-00033,TOMSRIVER,8735,OCEAN,NJ,"78,225.00","63,725.00","14,500.00",0.00,0.00,0.00,0.00
13367,13368,4086,NJ-00033,TOWNSHIP OF LONG BEACH,8008,OCEAN,NJ,"137,029.00","115,829.00","21,200.00","137,100.00","115,900.00","21,200.00",0.00
13367,13368,4086,NJ-00033,TRENTON,8609,HUDSON,NJ,"1,450.00",0.00,"1,450.00",0.00,0.00,0.00,0.00
13367,13368,4086,NJ-00033,TRENTON,8690,MERCER,NJ,"39,054.00","34,254.00","4,800.00",0.00,0.00,0.00,0.00
13367,13368,4086,NJ-00033,TUCKERTON,8087,OCEAN,NJ,"4,682,297.00","3,709,649.00","972,648.00","1,333,800.00","827,000.00","139,200.00","367,600.00"
13367,13368,4086,NJ-00033,UNION,7081,UNION,NJ,"61,596.00","1,596.00","60,000.00",0.00,0.00,0.00,0.00
13367,13368,4086,NJ-00033,UNION,7083,UNION,NJ,"204,945.00","2,541.00","202,404.00","227,000.00",0.00,"188,100.00","38,900.00"
13367,13368,4086,NJ-00033,UNION BEACH,7733,MONMOUTH,NJ,"67,622.00","66,322.00","1,300.00",0.00,0.00,0.00,0.00
13367,13368,4086,NJ-00033,UNION BEACH,7735,MONMOUTH,NJ,"8,156,697.00","7,183,138.00","973,559.00","2,277,100.00","1,564,600.00","460,600.00","251,900.00"
13367,13368,4086,NJ-00033,UNION BEACH,7735,MORRIS,NJ,"27,836.00","13,406.00","14,430.00",0.00,0.00,0.00,0.00
13367,13368,4086,NJ-00033,UNION CITY,7087,HUDSON,NJ,"271,426.00","173,767.00","97,659.00","5,100.00",0.00,"5,100.00",0.00
13367,13368,4086,NJ-00033,VENTNOR,8406,ATLANTIC,NJ,"1,796,314.00","1,380,322.00","415,992.00","485,800.00","268,600.00","122,000.00","95,200.00"
13367,13368,4086,NJ-00033,VENTNOR CITY,8247,ATLANTIC,NJ,"5,161.00","5,161.00",0.00,0.00,0.00,0.00,0.00
13367,13368,4086,NJ-00033,VENTNOR CITY,8406,ATLANTIC,NJ,"3,202,977.00","2,602,430.00","600,547.00","395,800.00","249,300.00","113,600.00","32,900.00"
13367,13368,4086,NJ-00033,VERONA,7044,ESSEX,NJ,"3,608.00",0.00,"3,608.00",0.00,0.00,0.00,0.00
13367,13368,4086,NJ-00033,VILLAS,8251,CAPE MAY,NJ,"104,647.00","80,922.00","23,725.00",0.00,0.00,0.00,0.00
13367,13368,4086,NJ-00033,VINELAND,8360,CUMBERLAND,NJ,"30,152.00","30,152.00",0.00,0.00,0.00,0.00,0.00
13367,13368,4086,NJ-00033,W. KEANSBURG,7734,MONMOUTH,NJ,"5,347.00","2,941.00","2,406.00",0.00,0.00,0.00,0.00
13367,13368,4086,NJ-00033,WALL,7719,MONMOUTH,NJ,"180,092.00","69,671.00","110,421.00","429,800.00",0.00,"110,500.00","319,300.00"
13367,13368,4086,NJ-00033,WALL,7727,MONMOUTH,NJ,"176,260.00",0.00,"176,260.00",0.00,0.00,0.00,0.00
13367,13368,4086,NJ-00033,WALL TOWNSHIP,8724,MONMOUTH,NJ,0.00,0.00,0.00,"77,600.00",0.00,0.00,"77,600.00"
13367,13368,4086,NJ-00033,WALLINGTON,7057,BERGEN,NJ,"49,044.00","12,783.00","36,261.00",0.00,0.00,0.00,0.00
13367,13368,4086,NJ-00033,WANAQUE,7465,PASSAIC,NJ,"4,475.00","2,175.00","2,300.00",0.00,0.00,0.00,0.00
13367,13368,4086,NJ-00033,WARETOWN,8757,OCEAN,NJ,"62,872.00","57,359.00","5,513.00",0.00,0.00,0.00,0.00
13367,13368,4086,NJ-00033,WARETOWN,8758,OCEAN,NJ,"2,603,104.00","2,463,289.00","139,815.00","596,000.00","467,400.00","46,300.00","82,300.00"
13367,13368,4086,NJ-00033,WARETWON,8758,OCEAN,NJ,"14,350.00","3,225.00","11,125.00",0.00,0.00,0.00,0.00
13367,13368,4086,NJ-00033,WARREN,7059,SOMERSET,NJ,0.00,0.00,0.00,"362,100.00",0.00,0.00,"362,100.00"
13367,13368,4086,NJ-00033,WASHINGTON,7882,WARREN,NJ,"273,193.00","171,904.00","101,289.00","56,500.00",0.00,"54,200.00","2,300.00"
13367,13368,4086,NJ-00033,WATCHUNG,7069,SOMERSET,NJ,"12,171.00","7,421.00","4,750.00","47,700.00",0.00,0.00,"47,700.00"
13367,13368,4086,NJ-00033,WAYNE,7470,PASSAIC,NJ,"27,940.00",0.00,"27,940.00","28,000.00",0.00,"28,000.00",0.00
13367,13368,4086,NJ-00033,WEEHAWKEN,7086,HUDSON,NJ,"1,764,952.00","1,282,732.00","482,220.00","1,176,100.00","700,300.00","437,800.00","38,000.00"
13367,13368,4086,NJ-00033,WEST ATLANTIC CITY,8232,ATLANTIC,NJ,"955,148.00","709,466.00","245,682.00",0.00,0.00,0.00,0.00
13367,13368,4086,NJ-00033,WEST ATLANTIC CITY,8234,ATLANTIC,NJ,"461,311.00","373,373.00","87,938.00","266,500.00","190,200.00","21,700.00","54,600.00"
13367,13368,4086,NJ-00033,WEST CREEK,8092,OCEAN,NJ,"785,170.00","537,500.00","247,670.00","63,600.00","21,900.00","3,000.00","38,700.00"
13367,13368,4086,NJ-00033,WEST LONG BRANCH,7764,MONMOUTH,NJ,0.00,0.00,0.00,"78,100.00",0.00,0.00,"78,100.00"
13367,13368,4086,NJ-00033,WEST NEW YORK,7093,HUDSON,NJ,"203,817.00","38,085.00","165,732.00",0.00,0.00,0.00,0.00
13367,13368,4086,NJ-00033,WEST ORANGE,7052,ESSEX,NJ,"148,356.00","55,506.00","92,850.00","1,800.00",0.00,0.00,"1,800.00"
13367,13368,4086,NJ-00033,WEST WILDWOOD,8260,CAPE MAY,NJ,"940,213.00","918,693.00","21,520.00","121,700.00","109,500.00","4,200.00","8,000.00"
13367,13368,4086,NJ-00033,WESTFIELD,7090,UNION,NJ,"109,100.00","109,100.00",0.00,0.00,0.00,0.00,0.00
13367,13368,4086,NJ-00033,WHITING,8759,OCEAN,NJ,"8,870.00","8,870.00",0.00,"8,900.00","8,900.00",0.00,0.00
13367,13368,4086,NJ-00033,WILDWOOD,8260,ATLANTIC,NJ,"3,045.00",545.00,"2,500.00",0.00,0.00,0.00,0.00
13367,13368,4086,NJ-00033,WILDWOOD,8260,CAPE MAY,NJ,"2,871,658.00","2,219,485.00","652,173.00","1,032,000.00","551,200.00","407,700.00","73,100.00"
13367,13368,4086,NJ-00033,WILDWOOD CREST,8260,CAPE MAY,NJ,"424,300.00","364,455.00","59,845.00","377,100.00","317,300.00","59,800.00",0.00
13367,13368,4086,NJ-00033,WILLINGBORO,8060,BURLINGTON,NJ,"7,132.00","7,132.00",0.00,0.00,0.00,0.00,0.00
13367,13368,4086,NJ-00033,WOOD RIDGE,7075,BERGEN,NJ,"31,001.00","31,001.00",0.00,"39,200.00","24,800.00",0.00,"14,400.00"
13367,13368,4086,NJ-00033,WOODBRIDGE,7095,MIDDLESEX,NJ,"196,339.00","18,505.00","177,834.00","13,900.00","13,900.00",0.00,0.00
13367,13368,4086,NJ-00033,WOODBRIDGE,8861,MIDDLESEX,NJ,"872,430.00","27,930.00","844,500.00",0.00,0.00,0.00,0.00
13367,13368,4086,NJ-00033,WOODLAND PARK,7424,PASSAIC,NJ,"9,107.00","9,107.00",0.00,0.00,0.00,0.00,0.00
13367,13368,4086,NJ-00033,WYCKOFF,7481,BERGEN,NJ,"564,962.00","464,762.00","100,200.00","67,600.00","18,800.00",0.00,"48,800.00"
13369,13370,4087,CT-00028,BRANFORD,6405,NEW HAVEN,CT,"921,037.00","186,057.00","734,980.00","83,800.00","62,200.00","8,400.00","13,200.00"
13369,13370,4087,CT-00028,BRIDGEPORT,6604,FAIRFIELD,CT,"314,068.00","213,276.00","100,792.00","123,100.00","67,000.00","52,700.00","3,400.00"
13369,13370,4087,CT-00028,BRIDGEPORT,6605,FAIRFIELD,CT,"517,078.00","421,976.00","95,102.00","181,400.00","154,600.00","3,400.00","23,400.00"
13369,13370,4087,CT-00028,BRIDGEPORT,6606,FAIRFIELD,CT,"32,386.00","28,991.00","3,395.00","28,900.00","23,900.00",0.00,"5,000.00"
13369,13370,4087,CT-00028,BRIDGEPORT,6607,FAIRFIELD,CT,"1,474,373.00","99,909.00","1,374,464.00","29,700.00","29,700.00",0.00,0.00
13369,13370,4087,CT-00028,BRIDGEPORT,6608,FAIRFIELD,CT,"137,644.00","137,644.00",0.00,0.00,0.00,0.00,0.00
13369,13370,4087,CT-00028,BRIDGEPORT,6610,FAIRFIELD,CT,"3,722.00","3,722.00",0.00,"11,100.00",0.00,0.00,"11,100.00"
13369,13370,4087,CT-00028,CLINTON,6413,MIDDLESEX,CT,"210,373.00","209,773.00",600.00,"58,300.00","58,300.00",0.00,0.00
13369,13370,4087,CT-00028,COS COB,6807,FAIRFIELD,CT,"169,991.00","163,141.00","6,850.00",0.00,0.00,0.00,0.00
13369,13370,4087,CT-00028,CROSS RIVER,10518,WESTCHESTER,NY,0.00,0.00,0.00,"85,800.00",0.00,0.00,"85,800.00"
13369,13370,4087,CT-00028,DANBURY,6810,FAIRFIELD,CT,"47,475.00","30,460.00","17,015.00",0.00,0.00,0.00,0.00
13369,13370,4087,CT-00028,DARIEN,6820,FAIRFIELD,CT,"810,231.00","738,041.00","72,190.00","527,900.00","486,300.00","29,100.00","12,500.00"
13369,13370,4087,CT-00028,DERBY,6418,NEW HAVEN,CT,"5,421.00","5,421.00",0.00,"5,500.00","5,500.00",0.00,0.00
13369,13370,4087,CT-00028,EAST HAVEN,6512,NEW HAVEN,CT,"293,619.00","197,045.00","96,574.00","198,000.00","59,000.00","80,000.00","59,000.00"
13369,13370,4087,CT-00028,ESSEX,6426,MIDDLESEX,CT,"46,128.00","36,459.00","9,669.00",0.00,0.00,0.00,0.00
13369,13370,4087,CT-00028,FAIRFIELD,6824,FAIRFIELD,CT,"4,003,328.00","3,640,653.00","362,675.00","2,930,700.00","2,433,400.00","160,000.00","89,600.00"
13369,13370,4087,CT-00028,GREENWICH,6830,FAIRFIELD,CT,"34,582.00","33,582.00","1,000.00",0.00,0.00,0.00,0.00
13369,13370,4087,CT-00028,GROTON,6340,NEW LONDON,CT,"317,322.00","296,472.00","20,850.00","297,900.00","280,600.00","17,300.00",0.00
13369,13370,4087,CT-00028,HASTINGS ON HUDSON,10706,WESTCHESTER,NY,0.00,0.00,0.00,"4,400.00",0.00,0.00,"4,400.00"
13369,13370,4087,CT-00028,IRVINGTON,10533,WESTCHESTER,NY,0.00,0.00,0.00,"13,900.00",0.00,0.00,"13,900.00"
13369,13370,4087,CT-00028,LARCHMONT,10538,WESTCHESTER,NY,0.00,0.00,0.00,"22,700.00",0.00,0.00,"22,700.00"
13369,13370,4087,CT-00028,MADISON,6443,NEW HAVEN,CT,"352,986.00","349,786.00","3,200.00",0.00,0.00,0.00,0.00
13369,13370,4087,CT-00028,MIDDLETOWN,6459,MIDDLESEX,CT,"110,233.00","110,233.00",0.00,0.00,0.00,0.00,0.00
13369,13370,4087,CT-00028,MILFORD,6460,FAIRFIELD,CT,"5,749.00",0.00,"5,749.00",0.00,0.00,0.00,0.00
13369,13370,4087,CT-00028,MILFORD,6460,NEW HAVEN,CT,"2,720,362.00","2,631,344.00","89,018.00","268,300.00","233,500.00","11,600.00","23,200.00"
13369,13370,4087,CT-00028,MYSTIC,6355,NEW LONDON,CT,"988,781.00","959,313.00","29,468.00","48,500.00","30,700.00","12,800.00","5,000.00"
13369,13370,4087,CT-00028,NEW CANAAN,6840,FAIRFIELD,CT,"82,375.00","7,407.00","74,968.00","181,000.00",0.00,"64,400.00","116,600.00"
13369,13370,4087,CT-00028,NEW HAVEN,6510,FAIRFIELD,CT,0.00,0.00,0.00,"132,000.00",0.00,0.00,"132,000.00"
13369,13370,4087,CT-00028,NEW HAVEN,6511,NEW HAVEN,CT,"71,639.00","71,639.00",0.00,"206,000.00","55,600.00",0.00,"150,400.00"
13369,13370,4087,CT-00028,NEW HAVEN,6512,NEW HAVEN,CT,"20,713.00",0.00,"20,713.00",0.00,0.00,0.00,0.00
13369,13370,4087,CT-00028,NEW HAVEN,6513,NEW HAVEN,CT,"23,680.00","23,680.00",0.00,"20,800.00","20,800.00",0.00,0.00
13369,13370,4087,CT-00028,NEW HAVEN,6515,NEW HAVEN,CT,"27,763.00","27,763.00",0.00,"12,100.00","12,100.00",0.00,0.00
13369,13370,4087,CT-00028,NEW HAVEN,6519,NEW HAVEN,CT,"2,128,776.00","2,104,200.00","24,576.00","2,000,000.00","1,975,400.00","24,600.00",0.00
13369,13370,4087,CT-00028,NEW LONDON,6320,NEW LONDON,CT,"665,500.00","566,015.00","99,485.00","257,000.00","219,500.00","3,700.00","33,800.00"
13369,13370,4087,CT-00028,NIANTIC,6357,NEW LONDON,CT,"193,107.00","190,532.00","2,575.00","193,100.00","190,500.00","2,600.00",0.00
13369,13370,4087,CT-00028,NORWALK,6850,FAIRFIELD,CT,"7,568.00","7,568.00",0.00,"7,600.00","7,600.00",0.00,0.00
13369,13370,4087,CT-00028,NORWALK,6853,FAIRFIELD,CT,"223,988.00","142,943.00","81,045.00","84,000.00","74,700.00","3,200.00","6,100.00"
13369,13370,4087,CT-00028,NORWALK,6854,FAIRFIELD,CT,"1,656,251.00","1,421,003.00","235,248.00","947,400.00","786,800.00","145,900.00","14,700.00"
13369,13370,4087,CT-00028,NORWALK,6855,FAIRFIELD,CT,"65,649.00","21,706.00","43,943.00","60,700.00","21,800.00","38,900.00",0.00
13369,13370,4087,CT-00028,NORWICH,6360,NEW LONDON,CT,"116,525.00","116,525.00",0.00,0.00,0.00,0.00,0.00
13369,13370,4087,CT-00028,OLD GREENWICH,6824,FAIRFIELD,CT,"320,726.00","314,176.00","6,550.00","297,500.00","278,100.00","6,600.00","12,800.00"
13369,13370,4087,CT-00028,OLD GREENWICH,6870,FAIRFIELD,CT,"463,728.00","411,653.00","52,075.00","332,700.00","224,300.00","17,300.00","91,100.00"
13369,13370,4087,CT-00028,OLD LYME,6371,NEW LONDON,CT,"100,739.00","88,554.00","12,185.00",0.00,0.00,0.00,0.00
13369,13370,4087,CT-00028,OLD SAYBROOK,6475,MIDDLESEX,CT,"2,241,425.00","2,241,425.00",0.00,"9,800.00","9,800.00",0.00,0.00
13369,13370,4087,CT-00028,PORT CHESTER,10573,WESTCHESTER,NY,0.00,0.00,0.00,"5,000.00",0.00,0.00,"5,000.00"
13369,13370,4087,CT-00028,QUAKER HILL,6375,NEW LONDON,CT,"75,142.00","71,942.00","3,200.00","17,200.00","14,000.00","3,200.00",0.00
13369,13370,4087,CT-00028,ROWAYTON,6853,FAIRFIELD,CT,"2,935,959.00","2,732,065.00","203,894.00","1,651,400.00","1,651,400.00",0.00,0.00
13369,13370,4087,CT-00028,SHELTON,6484,FAIRFIELD,CT,"62,495.00","13,780.00","48,715.00","11,000.00",0.00,"11,000.00",0.00
13369,13370,4087,CT-00028,SOUTH NORWALK,6854,FAIRFIELD,CT,"481,229.00","140,377.00","340,852.00","369,900.00","1,000.00","340,900.00","28,000.00"
13369,13370,4087,CT-00028,SOUTH RIVER,8882,MIDDLESEX,NJ,"22,758.00","6,713.00","16,045.00",0.00,0.00,0.00,0.00
13369,13370,4087,CT-00028,SOUTHPORT,6890,FAIRFIELD,CT,"235,424.00","221,877.00","13,547.00",0.00,0.00,0.00,0.00
13369,13370,4087,CT-00028,STAMFORD,6902,FAIRFIELD,CT,"221,097.00","202,287.00","18,810.00","74,300.00","68,300.00","6,000.00",0.00
13369,13370,4087,CT-00028,STAMFORD,6903,FAIRFIELD,CT,"20,617.00","20,617.00",0.00,0.00,0.00,0.00,0.00
13369,13370,4087,CT-00028,STAMFORD,6906,FAIRFIELD,CT,"121,538.00","118,338.00","3,200.00",0.00,0.00,0.00,0.00
13369,13370,4087,CT-00028,STRATFORD,6614,FAIRFIELD,CT,"10,027.00","10,027.00",0.00,"14,500.00","10,100.00",0.00,"4,400.00"
13369,13370,4087,CT-00028,STRATFORD,6615,FAIRFIELD,CT,"745,056.00","642,581.00","102,475.00","271,000.00","143,800.00","15,600.00","111,600.00"
13369,13370,4087,CT-00028,STRATFORD,6614,NEW HAVEN,CT,"72,474.00","72,474.00",0.00,"76,500.00","72,500.00",0.00,"4,000.00"
13369,13370,4087,CT-00028,WATERBURY,6705,NEW HAVEN,CT,"16,535.00","16,535.00",0.00,0.00,0.00,0.00,0.00
13369,13370,4087,CT-00028,WATERBURY,6710,NEW HAVEN,CT,"59,312.00","59,312.00",0.00,0.00,0.00,0.00,0.00
13369,13370,4087,CT-00028,WEST HAVEN,6516,NEW HAVEN,CT,"1,181,920.00","1,165,070.00","16,850.00","1,144,900.00","1,129,300.00","15,600.00",0.00
13369,13370,4087,CT-00028,WEST MYSTIC,6388,NEW LONDON,CT,"72,199.00","69,436.00","2,763.00","78,000.00","69,500.00","2,700.00","5,800.00"
13369,13370,4087,CT-00028,WESTBROOK,6498,MIDDLESEX,CT,"338,916.00","297,130.00","41,786.00","170,800.00","135,800.00","32,800.00","2,200.00"
13369,13370,4087,CT-00028,WESTPORT,6880,FAIRFIELD,CT,"1,662,008.00","1,540,708.00","121,300.00","191,700.00","129,900.00",0.00,"61,800.00"
13369,13370,4087,CT-00028,WILTON,6897,FAIRFIELD,CT,"156,366.00","156,366.00",0.00,0.00,0.00,0.00,0.00
13382,13383,,NC-00046,BUXTON,27920,DARE,NC,"273,541.00","240,716.00","32,825.00","147,100.00","130,500.00","10,000.00","6,600.00"
13382,13383,,NC-00046,FRISCO,27936,DARE,NC,0.00,0.00,0.00,"15,000.00",0.00,0.00,"15,000.00"
13382,13383,,NC-00046,KILL DEVIL HILLS,27948,DARE,NC,"10,000.00",0.00,"10,000.00","15,000.00",0.00,"10,000.00","5,000.00"
13382,13383,,NC-00046,KITTY HAWK,27949,DARE,NC,"871,514.00","588,590.00","282,924.00","27,200.00",0.00,"22,200.00","5,000.00"
13382,13383,,NC-00046,NAGS HEAD,27959,DARE,NC,"5,350.00",0.00,"5,350.00","5,400.00",0.00,"5,400.00",0.00
13382,13383,,NC-00046,RODANTHE,27968,DARE,NC,"365,501.00","363,501.00","2,000.00","340,200.00","331,600.00","2,000.00","6,600.00"
13382,13383,,NC-00046,SALVO,27972,DARE,NC,"32,472.00","11,332.00","21,140.00",0.00,0.00,0.00,0.00
13382,13383,,NC-00046,WANCHESE,27981,DARE,NC,"6,250.00",0.00,"6,250.00","6,300.00",0.00,"6,300.00",0.00
13387,13388,4089,RI-00010,CHARLESTOWN,2813,WASHINGTON,RI,"99,767.00","99,767.00",0.00,0.00,0.00,0.00,0.00
13387,13388,4089,RI-00010,NARRAGANSETT,2882,NEWPORT,RI,"80,425.00","42,947.00","37,478.00","105,600.00","33,000.00","24,500.00","48,100.00"
13387,13388,4089,RI-00010,NARRAGANSETT,2882,WASHINGTON,RI,"1,263,026.00","847,164.00","415,862.00","1,072,700.00","190,300.00","287,000.00","595,400.00"
13387,13388,4089,RI-00010,NEWPORT,2840,NEWPORT,RI,"159,073.00","159,073.00",0.00,"10,000.00","10,000.00",0.00,0.00
13387,13388,4089,RI-00010,SOUTH KINGSTOWN,2879,WASHINGTON,RI,"158,291.00","142,435.00","15,856.00",0.00,0.00,0.00,0.00
13387,13388,4089,RI-00010,WAKEFIELD,2879,WASHINGTON,RI,"152,670.00","146,380.00","6,290.00","45,000.00","45,000.00",0.00,0.00
13387,13388,4089,RI-00010,WESTERLY,2891,WASHINGTON,RI,"1,681,619.00","1,543,205.00","138,414.00","177,900.00","88,900.00","56,500.00","32,500.00"
13413,13414,,VA-00051,BLOXOM,23308,ACCOMACK,VA,"373,414.00","52,858.00","320,556.00","100,000.00",0.00,"100,000.00",0.00
13413,13414,,VA-00051,CHINCOTEAGUE,23336,ACCOMACK,VA,"396,189.00","396,189.00",0.00,0.00,0.00,0.00,0.00
13413,13414,,VA-00051,CRISFIELD,21817,SOMERSET,MD,"173,115.00","140,511.00","32,604.00",0.00,0.00,0.00,0.00
13413,13414,,VA-00051,CRISFIELD,21837,SOMERSET,MD,"29,603.00","26,629.00","2,974.00",0.00,0.00,0.00,0.00
13413,13414,,VA-00051,GREENBACKVILLE,23356,ACCOMACK,VA,"26,805.00","9,405.00","17,400.00",0.00,0.00,0.00,0.00
13413,13414,,VA-00051,MARION STATION,21838,SOMERSET,MD,"17,246.00","6,646.00","10,600.00",0.00,0.00,0.00,0.00
13413,13414,,VA-00051,ONANCOCK,23417,ACCOMACK,VA,"294,120.00","266,640.00","27,480.00","43,200.00","43,200.00",0.00,0.00
13413,13414,,VA-00051,POCOMOKE,21851,SOMERSET,MD,"13,855.00","13,855.00",0.00,0.00,0.00,0.00,0.00
13413,13414,,VA-00051,SANFORD,23426,ACCOMACK,VA,"131,438.00","105,888.00","25,550.00",0.00,0.00,0.00,0.00
13413,13414,,VA-00051,SAXIS,23427,ACCOMACK,VA,"913,095.00","776,776.00","136,319.00","663,200.00","567,900.00","85,700.00","9,600.00"
13413,13414,,VA-00051,TANGIER,23440,ACCOMACK,VA,"235,250.00","228,135.00","7,115.00",0.00,0.00,0.00,0.00
13413,13414,,VA-00051,WENONA,21821,SOMERSET,MD,"22,500.00",0.00,"22,500.00",0.00,0.00,0.00,0.00
13425,13426,4091,MD-00024,CRISFIELD,21817,SOMERSET,MD,"2,978,531.00","1,845,791.00","1,132,740.00","542,700.00","306,700.00","192,700.00","43,300.00"
13425,13426,4091,MD-00024,CRISFIELD,91618,SOMERSET,MD,"3,500.00",0.00,"3,500.00",0.00,0.00,0.00,0.00
13425,13426,4091,MD-00024,DEAL ISLAND,21821,SOMERSET,MD,"25,664.00","25,664.00",0.00,0.00,0.00,0.00,0.00
13425,13426,4091,MD-00024,EWELL,21824,SOMERSET,MD,"598,285.00","462,415.00","135,870.00","90,700.00","19,100.00","39,100.00","32,500.00"
13425,13426,4091,MD-00024,MARION STATION,21838,SOMERSET,MD,"42,983.00","27,433.00","15,550.00",0.00,0.00,0.00,0.00
13425,13426,4091,MD-00024,POCOMOKE CITY,21851,SOMERSET,MD,"130,283.00","79,118.00","51,165.00",0.00,0.00,0.00,0.00
13425,13426,4091,MD-00024,TYLERTON,21866,SOMERSET,MD,"29,318.00","28,118.00","1,200.00","29,400.00","28,200.00","1,200.00",0.00
13425,13426,4091,MD-00024,WESTOER,21871,SOMERSET,MD,"20,707.00","20,707.00",0.00,0.00,0.00,0.00,0.00
13425,13426,4091,MD-00024,WESTOVER,21871,SOMERSET,MD,"296,446.00","179,928.00","116,518.00","174,000.00","89,600.00","84,400.00",0.00
13435,13436,,MD-00026,BERLIN,21811,WORCESTER,MD,"5,248.00","5,248.00",0.00,0.00,0.00,0.00,0.00
13435,13436,,MD-00026,FRANKFORD,19945,SUSSEX,DE,"262,876.00","221,577.00","41,299.00","262,900.00","221,600.00","41,300.00",0.00
13435,13436,,MD-00026,OCEAN CITY,21842,WORCESTER,MD,"1,044,540.00","873,130.00","171,410.00","339,300.00","230,900.00","108,400.00",0.00
13435,13436,,MD-00026,PRINCESS ANNE,21853,SOMERSET,MD,"60,386.00","60,386.00",0.00,0.00,0.00,0.00,0.00
13435,13436,,MD-00026,SALISBURY,21801,WICOMICO,MD,"200,474.00","70,930.00","129,544.00","135,500.00","31,000.00","104,500.00",0.00
13435,13436,,MD-00026,SELBYVILLE,19975,SUSSEX,DE,"21,600.00",0.00,"21,600.00","14,000.00",0.00,"14,000.00",0.00
,,,,,,,,,,,,,,
,,,,,,,,,,,,,,
,,,,,,,,,,,,,,
,,,,,,,,,,,,,,
,,,,,,,,,,,,,,
,,,,,,,,,,,,,,
,,,,,,,,,,,,,,
,,,,,,,,,,,,,,
,,,,,,,,,,,,,,
,,,,,,,,,,,,,,
,,,,,,,,,,,,,,
,,,,,,,,,,,,,,
,,,,,,,,,,,,,,
